Partector2 SN 8365
Firmware: rev 275
Hardware: rev 3.2
BLE firmware: rev 9
Calibration: 6.20, calibrated on 21.2.2023
Cal params 1: -2.95, 20.53, 3.85, 0.970, 0.00000682, 1.07, 60, 100
Cal params 2: -4.94, 42.87, 13.57, 0.933, 150, 360
Cal params 3: -19.14, 81.95, 31.46, 0.792, 300, 720
Start: 17.7.2023 11:26:38
statistics: 154319 LDSAmin, 9223 min, 277434 pulses
settings 1: 2.00 Idiff, 50 P, 100 D, 0.5 duty cycle, 2.0 pulse period, 1 zeroHV, 1 pulsing
settings 2: 1820 dp setpoint, 10 P, 500 I, 0.50 flow%
settings 3: 0 integration time, 1 adaptive DV, 4 multi DV, 1 multiDV on, 20 DV switchtime, 1 antispike, 90 RH shutdown, 80 RH autoheat, 1.00 RH corr, 0 RTCcal, 0.00 offs 1T, 0.00 offs 2T, 0.00 offs 4T, 3 ADCmedian, 0 SD, 0 heater, 989.0 dPcal_p, 293.6 dPcal_T, 988.0 cal_p, 296.6 cal_T, 123 compensation, 0 OEM
settings 4: 999999 alarmlevel, 0 USBtransmit, 0 bluetooth, 15 brightness, 127 contrast, 1 low power, 1 selftest, 360000 selftest interval, 0 autopower
environment: T 12.6...33.2, RH 13.0...81.9
gain	1516.0	1553.0
startup	1453.4	1489.9
ST: Ipump 18.6mA	Display 16.4V	CE -23.6V	+ 2.50V	- -2.50V

time	number	diam	LDSA	surface	mass	sigma	idiff	ucor	DV	T	RH	P	flow	bat	Ipump	error	PWMpump	steps	n10.00	n16.26	n26.43	n42.96	n69.83	n113.52	n184.55	n300.00	A1	A2	A3	A4	A5
3.0	  24647	 18	 22.0	 32.3	0.15	1.42	0.00	0	359	23.8	51	1018.4	0.500	3.83	18.52	0	56	100	19178	51191	45673	757	0	0	0	0	3.28602	1.30191	0.00000	0.00000	0.00000
7.0	  15409	 24	 23.6	 84.4	1.31	2.03	2.02	3577	360	24.0	55	1018.4	0.500	3.82	18.16	0	56	100	12780	26672	15909	2334	11723	3601	0	0	4.01823	1.59201	1.70499	0.00000	0.00000
11.0	  14320	 23	 25.9	144.2	4.96	2.14	2.00	3580	720	24.0	56	1018.7	0.500	3.82	18.12	0	55	100	11928	24915	18181	4911	0	5670	1570	682	4.35954	1.72724	1.84981	1.01476	0.00000
15.0	  13427	 22	 24.6	155.0	6.94	2.10	2.01	3580	1198	24.0	56	1018.6	0.500	3.83	18.04	0	56	100	11589	24009	17364	4491	680	3661	171	1661	3.93674	1.55972	1.67041	0.91635	0.17524
19.0	  10265	 34	 28.1	161.2	6.49	2.15	2.00	3579	99	24.0	56	1018.5	0.500	3.82	18.20	0	55	100	4359	9799	11480	10927	7549	3006	7	1512	4.00682	2.52888	1.70015	0.93266	0.17836
23.0	  16603	 27	 30.3	187.0	6.86	2.12	1.98	3576	360	24.0	56	1018.6	0.499	3.82	18.16	0	55	100	10554	22780	21200	13104	4022	4338	1439	1238	4.97558	3.14031	2.06997	1.15816	0.22148
27.0	  17321	 25	 32.2	175.9	5.98	2.11	2.00	3579	720	24.0	57	1018.7	0.500	3.82	17.84	0	55	100	12466	26569	22205	10527	2450	4913	2120	829	4.88262	3.08164	2.03130	1.04642	0.21734
31.0	  16572	 27	 29.3	214.8	9.34	2.11	2.00	3575	1198	24.0	57	1018.6	0.500	3.83	17.76	0	55	100	10073	21572	20687	14131	7706	1734	351	2276	5.13917	3.24356	2.13803	1.10140	0.37029
35.0	  17208	 30	 34.1	235.6	9.80	2.10	1.99	3576	100	24.0	57	1018.6	0.500	3.82	17.84	0	55	98	8485	18622	21054	18370	10148	2049	508	2309	5.67071	3.97545	2.35916	1.21532	0.40859
39.0	  17032	 31	 34.4	253.2	9.43	2.27	1.99	3577	360	24.0	57	1018.7	0.500	3.82	17.56	0	55	82	9673	20366	18042	11611	11103	7398	613	1901	6.15981	4.31833	3.07988	1.32014	0.44383
43.0	  14822	 33	 38.2	235.6	9.06	2.27	2.00	3576	719	24.0	57	1018.7	0.500	3.82	17.76	0	55	100	7762	16433	15363	11118	10774	6750	69	1967	5.62533	3.94364	2.81264	1.19127	0.40532
47.0	  12061	 31	 27.6	175.1	6.38	2.26	1.99	3576	1198	24.0	57	1018.7	0.499	3.82	18.12	0	55	100	6803	14370	12690	8135	7688	6092	76	1302	4.35868	3.05565	2.17932	0.92303	0.27136
51.0	  13908	 34	 32.8	220.3	8.12	2.24	2.00	3573	99	24.1	57	1018.6	0.500	3.82	17.48	0	55	100	6598	14188	14179	11488	10680	7048	22	1701	5.43557	3.80081	2.71776	1.15108	0.33841
55.0	  16574	 31	 32.7	232.1	8.77	2.18	1.99	3575	361	24.1	56	1018.5	0.500	3.82	17.48	0	55	100	8517	18403	18729	14727	10292	5570	449	1853	5.80694	4.06048	2.65915	1.22972	0.36153
59.0	  24873	 35	 44.0	418.8	16.80	2.20	2.00	3577	720	24.0	56	1018.7	0.500	3.82	17.68	0	55	100	10428	23125	27173	25744	17886	9656	10	3844	9.83167	6.87476	4.50219	2.34891	0.61210
63.0	  19672	 32	 54.5	291.1	10.59	2.22	1.99	3576	1198	24.1	56	1018.6	0.500	3.83	17.52	0	55	100	9796	21686	22856	18091	8531	8669	1673	1918	7.25395	5.07230	3.32178	1.73306	0.20051
67.0	  15876	 40	 38.0	253.6	7.93	2.11	2.00	3576	99	24.1	56	1018.7	0.500	3.82	17.12	0	55	100	4479	10768	15928	18813	13460	9550	1006	1226	6.70967	5.19256	3.07254	1.60303	0.18546
71.0	  19664	 36	 46.7	269.5	6.96	2.20	2.00	3575	360	24.1	56	1018.5	0.499	3.83	17.36	0	55	100	7780	18053	21833	20485	9365	11397	4091	177	7.51780	5.81796	3.61180	1.79610	0.20780
75.0	  19452	 32	 43.6	225.2	5.21	2.22	2.01	3576	719	24.0	56	1018.6	0.501	3.82	17.60	0	55	87	9642	22853	21719	15698	6541	13176	2549	0	6.67474	5.16552	3.20677	1.40982	0.18450
79.0	  19831	 36	 44.3	288.1	9.39	2.15	2.01	3576	1198	24.1	56	1018.5	0.500	3.83	17.08	0	55	96	7576	17204	20824	20649	14830	10793	422	1675	7.55677	5.84812	3.63052	1.59612	0.32762
83.0	  23053	 44	 65.6	374.6	11.19	2.01	2.00	3576	99	24.0	56	1018.5	0.500	3.82	17.28	0	55	49	4535	11602	21167	29380	25059	15474	203	1821	10.01323	8.31807	4.81069	2.11497	0.43412
87.0	  15612	 49	 45.5	274.2	6.83	2.03	1.99	3575	360	24.0	55	1018.4	0.500	3.82	17.36	0	55	67	2737	6947	12088	17421	18633	13935	1778	443	7.53227	6.25711	3.94562	1.59095	0.32656
91.0	  17201	 47	 46.9	319.7	9.22	2.09	2.00	3573	720	24.1	55	1018.7	0.500	3.82	17.04	0	54	66	3488	8732	14677	19796	18025	13262	2568	960	8.15302	6.77277	4.27079	1.92814	0.35347
95.0	  18785	 50	 59.5	339.9	7.91	2.04	2.00	3573	1198	24.1	55	1018.6	0.500	3.83	17.12	0	55	81	3105	8151	14426	20760	21090	17754	3679	54	9.36017	7.77557	4.90314	2.21362	0.25172
99.0	  19520	 50	 61.1	352.6	8.28	2.05	2.00	3571	99	24.1	54	1018.7	0.500	3.82	17.08	0	54	67	3330	8668	15094	21515	21707	18321	3773	93	9.69180	8.02801	5.07685	2.29205	0.26064
103.0	  20652	 46	 62.3	348.5	9.17	2.06	1.99	3572	360	24.0	54	1018.5	0.499	3.82	17.24	0	55	96	4018	10415	18399	25033	20686	15790	2827	698	9.46169	7.83740	4.66872	2.23763	0.25445
107.0	  20741	 48	 54.1	300.5	6.00	1.95	2.01	3572	719	24.1	54	1018.7	0.501	3.82	16.92	0	54	71	3451	9008	16256	24073	26092	19184	0	225	9.38221	7.77157	4.62951	1.64749	0.25231
111.0	  27821	 46	 69.2	383.9	7.12	1.96	2.00	3572	1198	24.1	54	1018.7	0.500	3.83	16.96	0	54	73	5017	13122	22503	32156	33173	25766	51	50	12.27137	10.16474	6.05511	2.15482	0.19165
115.0	  35026	 44	 85.7	473.5	9.08	2.05	2.00	3573	99	24.1	54	1018.5	0.500	3.82	17.04	0	54	100	8866	21239	28930	35798	38718	32101	199	134	15.31357	11.82890	7.55624	2.68902	0.23917
119.0	  44184	 35	 94.0	485.6	9.59	2.15	2.02	3575	361	24.1	54	1018.8	0.500	3.82	16.72	0	54	100	18650	42324	45496	40087	29390	31629	1786	21	15.84879	12.24233	7.43263	2.78301	0.24753
123.0	  31703	 39	 92.0	365.4	6.87	2.06	1.99	3572	719	24.1	54	1018.6	0.500	3.83	17.00	0	54	100	9923	23162	29504	33158	31599	22699	26	164	12.29377	9.49627	5.76542	1.97712	0.19200
127.0	  23602	 40	 65.8	298.2	6.92	2.06	2.01	3572	1198	24.1	54	1018.6	0.499	3.83	16.96	0	54	82	7126	16513	21871	25401	24748	15485	16	686	9.38678	7.25077	4.40213	1.50961	0.27809
131.0	  32906	 25	 55.2	260.8	4.90	2.23	2.02	3575	99	24.1	55	1018.8	0.500	3.82	16.60	0	54	100	27786	56892	31895	337	18769	20259	0	0	8.96055	6.40256	4.20224	1.44106	0.26546
135.0	  25558	 36	 57.2	294.1	7.53	2.08	2.01	3573	360	24.1	55	1018.6	0.500	3.82	17.00	0	54	100	9675	21823	26115	26643	22991	12832	18	1014	9.41618	6.72811	4.08218	1.51433	0.27896
139.0	  25323	 35	 58.6	297.4	8.13	2.10	1.99	3573	720	24.1	54	1018.5	0.500	3.82	16.96	0	54	100	10205	22828	26500	25748	20919	12469	130	1204	9.24699	6.60722	4.00883	1.55261	0.27395
143.0	  26363	 32	 52.7	271.6	6.63	2.12	2.01	3572	1198	24.1	55	1018.6	0.500	3.83	16.88	0	54	71	12983	28554	29107	23367	16735	12205	1421	555	8.76106	6.26001	3.79816	1.47102	0.22778
147.0	  23534	 34	 50.2	265.4	6.99	2.09	2.00	3572	100	24.1	55	1018.7	0.500	3.82	16.80	0	54	100	9600	21558	24936	23990	18797	11542	131	968	8.36352	6.04072	3.62582	1.40427	0.21744
151.0	  21140	 35	 49.5	247.4	7.40	2.01	2.00	3572	360	24.1	55	1018.6	0.500	3.82	17.04	0	54	100	7230	17030	22842	25572	19725	6146	311	1319	7.53738	5.44403	3.08946	1.26556	0.19596
155.0	  23519	 33	 49.5	265.2	7.82	2.07	2.00	3569	720	24.2	55	1018.7	0.500	3.82	16.84	0	54	100	9818	22334	26932	25974	15819	8474	879	1223	7.99185	5.77228	3.27574	1.47130	0.20778
159.0	  22931	 28	 40.7	200.1	4.48	2.09	2.00	3572	1198	24.1	55	1018.5	0.500	3.83	17.00	0	54	83	13122	29381	28779	19781	5153	10089	2352	9	6.62648	4.78611	2.71610	1.21993	0.15281
163.0	  21233	 31	 39.2	208.4	4.81	2.07	2.02	3573	98	24.1	55	1018.6	0.499	3.82	17.12	0	54	100	9724	22621	26237	23115	7960	7832	3131	0	6.67029	5.01010	2.73406	1.22800	0.15382
167.0	  16892	 32	 42.7	168.9	4.44	2.00	2.01	3575	361	24.2	55	1018.6	0.500	3.82	16.60	0	54	83	6557	15616	21237	21746	8366	4169	1992	362	5.36564	4.03017	2.01832	0.98781	0.12373
171.0	  10513	 35	 24.3	118.9	3.56	1.98	2.01	3575	720	24.1	56	1018.6	0.500	3.82	17.12	0	54	100	3379	8094	12009	13873	8583	3206	15	658	3.64967	2.74129	1.37285	0.65825	0.08416
175.0	  11053	 32	 21.6	122.0	4.08	1.98	2.02	3571	1199	24.1	55	1018.6	0.500	3.83	17.04	0	54	66	4198	9887	13727	14536	6873	1930	429	794	3.53049	2.65177	1.32801	0.63676	0.11657
179.0	  11127	 29	 22.7	109.9	3.57	2.03	1.99	3575	99	24.2	55	1018.6	0.500	3.82	17.08	0	54	100	5794	12854	14028	11540	5115	2073	716	607	3.29962	2.26154	1.24117	0.59512	0.10895
183.0	  10327	 28	 19.7	 93.4	2.22	2.12	1.99	3571	361	24.2	55	1018.6	0.500	3.82	16.60	0	54	86	6370	13765	12498	7664	3478	3815	1316	30	3.04682	2.08828	1.25664	0.54953	0.10060
187.0	  15427	 29	 24.4	180.6	6.38	2.11	2.00	3572	720	24.2	55	1018.4	0.500	3.81	16.64	0	54	100	8258	18312	19315	14931	5528	4582	1004	1171	4.88281	3.34665	2.01387	1.07606	0.16123
191.0	   9163	 29	 18.7	106.4	3.69	2.11	2.00	3572	1199	24.1	55	1018.6	0.500	3.82	17.20	0	54	100	4988	11026	11504	8746	3160	2501	876	615	2.88230	1.97551	1.18878	0.63519	0.10807
195.0	   9459	 35	 19.0	131.4	4.69	2.07	2.01	3572	100	24.2	55	1018.5	0.500	3.82	16.96	0	54	100	3344	7824	10864	11743	6635	3380	40	991	3.45811	2.58755	1.42627	0.76209	0.12966
199.0	  10539	 32	 22.7	130.1	4.42	2.07	1.99	3571	360	24.1	55	1018.6	0.500	3.82	16.76	0	54	97	4352	10132	13144	12852	4835	2999	867	760	3.51099	2.62712	1.43828	0.77374	0.13164
203.0	   9135	 38	 21.5	 96.0	2.16	1.94	1.99	3572	720	24.2	55	1018.6	0.500	3.82	16.92	0	54	42	2531	6099	9074	11502	10752	3065	4	259	3.32976	2.49151	1.36404	0.40139	0.12484
207.0	 116569	 30	208.7	925.0	15.53	2.07	1.99	3573	1199	24.2	55	1018.6	0.500	3.82	16.60	0	54	62	59848	141026	124035	91011	82589	53901	0	0	34.77583	26.02125	14.24593	4.19211	0.22797
211.0	  17981	 27	 38.7	129.6	2.23	2.09	2.00	3575	99	24.2	55	1018.5	0.500	3.82	16.56	0	54	100	11815	25823	19755	9536	9920	8358	0	0	4.94413	3.45197	2.02537	0.59600	0.03241
215.0	  89299	 27	111.2	506.1	15.08	1.69	2.00	3571	360	24.2	54	1018.7	0.500	3.82	16.80	0	54	66	33669	85120	140222	153076	7524	0	17	3554	20.91504	14.60278	3.38145	2.52124	0.13711
219.0	  62846	 28	117.2	242.3	2.26	1.64	2.00	3569	720	24.2	54	1018.6	0.500	3.82	16.92	0	54	75	20998	57451	94197	109328	15779	13	22	30	14.36484	10.02946	2.32244	0.50377	0.09417
223.0	  20066	 28	 38.5	 77.9	0.77	1.65	2.00	3571	1198	24.1	54	1018.5	0.500	3.82	16.88	0	54	64	7015	18338	30079	34483	5149	0	0	24	4.57373	3.19336	0.73946	0.16040	0.09149
227.0	  23108	 32	 27.5	103.0	0.95	1.52	2.00	3571	99	24.2	55	1018.4	0.500	3.83	16.76	0	54	89	2945	12373	36045	51997	6140	0	0	7	5.84066	4.44691	0.94429	0.20483	0.11683
231.0	  15896	 32	 28.1	104.4	1.28	1.97	2.01	3573	360	24.2	55	1018.4	0.500	3.82	16.52	0	54	81	7084	17983	13340	12301	24620	0	0	0	4.61359	3.51265	1.64566	0.16180	0.09228
235.0	  14279	 35	 30.7	138.3	3.61	1.91	2.01	3571	720	24.2	54	1018.4	0.500	3.82	16.36	0	54	99	4368	10638	16456	19722	12679	3194	0	605	4.69439	3.57417	1.67448	0.67822	0.09390
239.0	  12420	 34	 25.5	120.8	3.34	1.91	1.99	3569	1198	24.2	54	1018.6	0.500	3.82	17.04	0	54	65	3913	9452	14561	17290	10775	2182	84	596	4.01276	3.05520	1.43134	0.57974	0.07899
243.0	  13649	 35	 25.6	128.8	3.26	1.90	2.01	3569	100	24.2	54	1018.6	0.500	3.82	16.44	0	54	100	4073	9978	15857	19233	12049	2944	15	527	4.42160	3.40078	1.57717	0.63881	0.08703
247.0	  13672	 32	 31.0	110.7	3.40	1.76	1.99	3571	360	24.2	54	1018.6	0.500	3.82	16.24	0	54	54	3672	9792	19006	23937	7596	0	20	765	3.87509	2.98044	0.96310	0.55985	0.07628
251.0	  17084	 32	 39.2	114.9	2.60	1.72	2.00	3568	718	24.2	54	1018.7	0.500	3.82	16.64	0	54	35	4211	11933	23471	30458	10082	200	156	445	4.71494	3.62640	1.17183	0.43528	0.09281
255.0	  11390	 32	 20.5	 80.6	2.01	1.75	1.98	3571	1198	24.2	53	1018.7	0.500	3.82	16.44	0	54	60	3170	7962	15387	19503	7558	0	0	395	3.17734	2.44378	0.78968	0.29333	0.16278
259.0	  14637	 28	 22.2	 96.1	2.90	1.79	2.00	3573	100	24.1	54	1018.5	0.500	3.82	16.56	0	54	72	6439	14730	20770	21147	5614	0	0	660	3.63158	2.56810	0.90258	0.33526	0.18605
263.0	  12503	 30	 21.9	 95.2	2.78	1.88	2.00	3573	360	24.2	54	1018.8	0.499	3.82	16.76	0	54	47	5610	12457	15600	15495	9479	3	6	597	3.43198	2.42694	1.06527	0.31684	0.17582
267.0	  12178	 29	 20.3	100.8	3.46	1.89	2.01	3571	720	24.2	54	1018.7	0.499	3.82	17.08	0	55	77	5774	12872	15950	15131	7134	13	23	813	3.27255	2.31420	1.01578	0.39985	0.16766
271.0	  13258	 29	 20.8	111.6	3.89	1.89	2.00	3569	1198	24.2	54	1018.6	0.500	3.82	16.68	0	54	61	6308	13973	17339	16438	7838	2	2	924	3.58331	2.53396	1.11224	0.43782	0.20730
275.0	  13253	 29	 22.8	112.6	3.81	1.89	1.99	3569	100	24.2	54	1018.7	0.500	3.82	16.56	0	54	61	5865	13125	17153	17172	8597	0	0	891	3.67320	2.61271	1.14014	0.44880	0.21250
279.0	  12336	 31	 22.8	114.0	3.85	1.93	2.01	3572	360	24.2	54	1018.6	0.500	3.82	16.52	0	54	97	5361	11922	14989	15120	10167	0	5	890	3.61530	2.57152	1.23345	0.44173	0.20916
283.0	  12747	 30	 23.6	126.6	4.66	1.94	1.99	3568	721	24.2	54	1018.5	0.500	3.82	16.52	0	54	65	5693	12738	16090	15837	8745	106	89	1105	3.72822	2.65185	1.27198	0.56081	0.21569
287.0	  12382	 29	 22.3	119.9	4.54	1.94	1.99	3569	1198	24.2	54	1018.6	0.500	3.83	17.12	0	54	82	5925	13235	16056	14972	7191	108	96	1091	3.47727	2.47335	1.18636	0.52307	0.19464
291.0	  10489	 31	 21.0	104.8	3.65	1.94	2.00	3573	99	24.2	55	1018.7	0.500	3.82	16.64	0	54	67	4350	9781	12784	13232	8322	389	0	845	3.28161	2.26834	1.11960	0.49363	0.18369
295.0	  10373	 30	 20.3	107.0	3.91	1.98	2.01	3573	361	24.2	55	1018.4	0.500	3.82	16.48	0	54	67	4861	10735	12725	11952	7470	342	178	891	3.12738	2.16173	1.12670	0.47043	0.17506
299.0	  10682	 28	 19.3	107.6	3.97	1.99	1.99	3571	720	24.2	55	1018.5	0.500	3.82	17.04	0	54	60	5638	12392	13604	11389	5778	437	536	842	3.06664	2.11974	1.10482	0.50737	0.17166
303.0	  11020	 28	 19.5	115.5	4.71	1.98	2.01	3569	1198	24.2	55	1018.6	0.500	3.82	16.36	0	54	100	5993	13104	14207	11657	5835	149	114	1161	3.10197	2.14416	1.11754	0.51321	0.19069
307.0	  10711	 26	 18.4	100.8	3.80	1.99	1.99	3567	98	24.2	54	1018.7	0.500	3.82	16.72	0	54	78	6620	14191	13772	9543	4809	508	494	817	2.88817	1.89250	1.04052	0.47784	0.17754
311.0	  10919	 26	 18.6	 99.8	4.11	1.93	2.00	3572	360	24.2	54	1018.6	0.500	3.81	16.64	0	54	89	6556	14255	14819	11069	3857	72	87	1028	2.79636	1.83234	0.92444	0.46265	0.17190
315.0	  10547	 25	 16.8	 90.1	3.41	1.94	1.99	3572	720	24.2	54	1018.6	0.500	3.82	16.56	0	54	78	6616	14234	14214	9945	3457	345	416	753	2.66102	1.74366	0.87970	0.42853	0.16358
319.0	   9449	 28	 17.7	 82.9	2.76	1.96	1.99	3573	1199	24.2	55	1018.6	0.501	3.82	16.24	0	54	100	4922	10990	12221	10331	4611	804	352	546	2.65161	1.73749	0.87658	0.42701	0.07560
323.0	   9393	 28	 17.0	 84.9	2.95	1.94	2.00	3575	98	24.3	55	1018.7	0.500	3.82	16.44	0	54	100	4601	10358	12289	11077	4681	665	196	641	2.62443	1.79064	0.86760	0.42263	0.07482
327.0	   8470	 29	 18.1	 77.1	2.28	2.00	1.99	3568	361	24.3	55	1018.5	0.500	3.82	16.72	0	54	100	4265	9501	10527	8976	4526	1525	461	354	2.49448	1.70198	0.90085	0.40171	0.07112
331.0	  15438	 26	 19.3	132.6	4.01	2.00	2.00	3571	720	24.2	55	1018.6	0.500	3.82	16.28	0	54	100	9147	20436	20998	14997	2179	3279	1652	468	4.12062	2.81149	1.48811	0.78873	0.11748
335.0	  14606	 28	 21.2	136.5	4.31	2.01	1.99	3572	1198	24.2	55	1018.7	0.500	3.82	16.56	0	54	100	7820	17550	19220	15507	4811	2138	1570	599	4.18060	2.85242	1.50977	0.80022	0.12792
339.0	  14966	 37	 26.5	184.8	6.25	1.87	1.99	3569	99	24.2	55	1018.5	0.500	3.82	16.20	0	54	23	3119	8405	17661	24319	13933	2066	58	1360	5.21777	4.30399	1.88433	0.99874	0.15966
343.0	  12809	 40	 31.4	173.6	5.32	1.95	2.00	3569	361	24.2	54	1018.7	0.499	3.82	16.56	0	54	55	2715	7148	13660	18557	12523	5084	28	982	4.88321	4.02802	2.08731	0.93470	0.14942
347.0	  11493	 41	 26.6	155.6	4.33	1.95	2.01	3569	719	24.2	54	1018.9	0.500	3.82	16.68	0	54	99	2309	6055	11667	16088	11721	5936	0	682	4.55058	3.75364	1.94512	0.86967	0.13924
351.0	  31155	 42	 84.0	387.1	8.54	1.91	1.99	3568	1198	24.2	54	1018.6	0.500	3.82	16.76	0	54	35	5196	15920	31302	45684	35276	8909	5284	68	12.13761	10.01195	5.18817	2.31964	0.11157
355.0	  26065	 43	 68.3	348.7	9.07	1.92	2.01	3571	100	24.2	54	1018.6	0.500	3.82	16.12	0	54	8	4636	12824	24171	35430	32600	12489	59	1309	10.62671	8.55495	4.54234	2.03089	0.09769
359.0	  20204	 38	 50.7	270.7	5.32	2.33	2.00	3568	360	24.2	54	1018.6	0.500	3.82	16.80	0	54	71	9407	21908	16266	9648	15476	23040	0	0	8.15075	6.56169	4.46853	1.55770	0.07493
363.0	  12207	 36	 39.8	160.7	3.20	2.34	2.00	3568	720	24.2	54	1018.6	0.500	3.82	16.48	0	54	92	5946	14003	10385	5707	7570	14233	0	0	4.80500	3.86822	2.63427	0.95804	0.04417
367.0	  18080	 37	 42.7	242.7	4.82	2.34	2.01	3568	1198	24.2	53	1018.5	0.500	3.82	16.24	0	54	100	8819	19961	15086	8367	12122	21321	0	0	7.26188	5.84612	3.98122	1.44790	0.11480
371.0	  18616	 31	 44.2	215.1	4.33	2.41	1.99	3569	100	24.2	54	1018.7	0.500	3.82	16.72	0	54	81	12892	28221	16040	1405	10033	19629	0	0	6.48192	5.00872	3.55362	1.29239	0.10247
375.0	  11497	 40	 32.9	151.9	3.60	2.07	2.00	3572	360	24.3	54	1018.7	0.500	3.82	16.56	0	54	45	3237	8079	11269	13432	10907	5892	1517	146	4.60204	3.55610	2.12161	0.91757	0.07275
379.0	  10943	 36	 27.7	122.6	2.41	2.11	1.98	3569	721	24.3	54	1018.5	0.500	3.82	16.40	0	54	88	4117	9442	11047	10874	8502	7367	494	10	4.03762	3.11996	1.86141	0.68606	0.06383
383.0	   9208	 41	 25.6	115.2	2.34	2.04	2.02	3568	1198	24.2	54	1018.5	0.499	3.82	16.64	0	54	100	2478	5916	8347	10170	9651	6943	13	114	3.77229	2.91493	1.73909	0.64097	0.06920
387.0	  11383	 29	 21.1	105.7	2.02	2.22	2.00	3571	100	24.2	54	1018.6	0.500	3.82	16.56	0	54	100	7225	15984	12115	5375	4320	8921	0	0	3.53551	2.63955	1.62992	0.60074	0.06486
391.0	  48882	 31	 42.5	436.6	13.50	1.86	2.01	3569	361	24.2	54	1018.5	0.500	3.82	16.80	0	54	62	16918	42192	66309	74817	25110	97	3947	2257	14.12686	10.54688	4.29767	2.40039	0.25915
395.0	  58630	 31	 90.7	337.7	3.92	1.86	1.99	3569	721	24.2	55	1018.6	0.500	3.82	16.68	0	54	94	23699	56414	64464	67960	64903	401	0	0	16.03222	11.96939	4.87732	0.66591	0.29411
399.0	  14601	 33	 34.8	 86.9	1.00	1.82	1.99	3571	1198	24.2	55	1018.4	0.500	3.82	16.40	0	54	90	5059	12112	16369	19197	16434	13	7	0	4.13467	3.08687	1.25785	0.17174	0.09625
403.0	  15966	 30	 26.0	 87.2	1.09	1.86	1.99	3569	99	24.3	55	1018.6	0.500	3.82	16.44	0	54	78	7307	16485	18290	17671	15833	9	37	27	4.21915	2.95867	1.28355	0.17524	0.09822
407.0	  16289	 27	 24.2	 89.9	1.14	1.99	2.00	3569	361	24.2	54	1018.5	0.501	3.82	16.00	0	54	100	10490	22571	15850	8427	19196	654	0	0	4.14289	2.90519	1.41533	0.17208	0.09645
411.0	  11968	 33	 24.3	100.7	2.50	1.91	1.99	3568	721	24.3	54	1018.6	0.501	3.82	16.44	0	54	100	4437	10523	13660	15056	11526	868	251	392	3.70375	2.59724	1.26531	0.41545	0.08622
415.0	  14467	 29	 23.4	128.6	4.48	1.94	2.01	3569	1199	24.2	54	1018.5	0.500	3.82	16.36	0	54	81	7364	15676	17804	15904	10754	0	0	1054	4.03571	2.83003	1.37871	0.45269	0.31166
419.0	  15559	 27	 24.8	133.2	4.75	1.96	2.00	3569	99	24.3	54	1018.4	0.500	3.82	16.08	0	54	64	9035	19032	19089	14625	10819	0	0	1131	4.20215	2.76890	1.43557	0.47136	0.32452
423.0	  13683	 27	 23.6	118.4	4.28	1.98	2.01	3567	360	24.3	54	1018.5	0.500	3.81	16.12	0	54	78	8494	17673	16341	11227	10083	1	0	1019	3.66069	2.41212	1.31399	0.41062	0.28270
427.0	  11949	 26	 20.8	112.0	4.43	1.99	2.02	3568	720	24.3	54	1018.6	0.500	3.82	16.48	0	54	89	7663	16151	15260	10123	5835	338	195	1057	3.14375	2.07150	1.12843	0.49000	0.24278
431.0	  11577	 27	 19.0	115.3	4.69	1.99	2.01	3568	1199	24.3	54	1018.6	0.500	3.82	16.68	0	54	82	6874	14664	14681	10879	6470	108	12	1173	3.18004	2.09541	1.14146	0.49565	0.23359
435.0	   9514	 27	 17.3	 96.8	3.94	1.99	2.00	3572	99	24.2	54	1018.5	0.500	3.82	16.56	0	54	90	5497	11765	12070	9274	5416	54	22	987	2.66082	1.74362	0.95509	0.41472	0.19545
439.0	   8368	 28	 16.7	 92.1	3.52	2.07	2.02	3569	360	24.3	54	1018.6	0.500	3.82	16.16	0	54	100	4905	10368	9755	6938	5875	946	49	817	2.53096	1.65853	1.03779	0.39448	0.18591
443.0	   9001	 28	 15.3	102.7	4.07	2.08	2.00	3569	720	24.3	54	1018.5	0.500	3.82	16.16	0	54	100	5462	11571	10884	7422	5152	957	282	921	2.69400	1.76537	1.10464	0.48522	0.19789
447.0	   8802	 27	 15.9	 84.6	2.61	2.10	1.99	3569	1198	24.3	54	1018.5	0.500	3.82	16.60	0	54	100	5724	12193	10687	6155	3418	2475	691	364	2.54491	1.66767	1.04351	0.45837	0.11589
451.0	   6742	 33	 13.8	 82.1	2.95	2.02	2.01	3569	100	24.3	54	1018.5	0.500	3.82	16.24	0	54	68	2608	5979	7959	8363	5062	1292	28	652	2.23138	1.68583	0.91495	0.40190	0.10161
455.0	   5571	 39	 13.9	 76.6	2.21	2.07	2.01	3571	360	24.2	54	1018.3	0.501	3.82	16.60	0	54	100	1708	3943	5430	6318	5595	3044	0	359	2.22680	1.68237	1.00219	0.40107	0.10140
459.0	   5472	 36	 13.3	 79.5	2.76	2.11	2.00	3569	720	24.3	54	1018.4	0.500	3.82	16.08	0	54	55	1943	4486	5879	6277	4410	2363	6	563	2.07791	1.56988	0.93518	0.43894	0.09462
463.0	   5825	 36	 15.2	 89.6	3.36	2.11	1.99	3565	1199	24.3	53	1018.5	0.500	3.82	16.64	0	54	83	2101	4765	6304	6764	4920	1974	37	735	2.22264	1.67922	1.00031	0.46951	0.14515
467.0	   6340	 30	 13.6	 83.6	3.12	2.17	2.00	3568	100	24.3	53	1018.3	0.500	3.82	16.40	0	54	100	3442	7412	7364	5483	3502	1927	278	634	2.11215	1.50064	0.95059	0.44617	0.13793
471.0	   6516	 30	 13.1	 89.9	3.49	2.17	2.00	3565	360	24.3	53	1018.6	0.500	3.82	16.48	0	54	84	3470	7479	7540	5775	3801	1851	203	755	2.20221	1.56463	1.00501	0.46520	0.14381
475.0	   6221	 33	 13.7	 88.6	3.33	2.16	2.01	3565	720	24.3	53	1018.3	0.500	3.81	16.24	0	54	100	2891	6290	6825	5987	4653	2097	0	735	2.24252	1.59327	1.02341	0.45017	0.14644
479.0	   5348	 37	 11.6	 83.6	3.02	2.15	2.00	3567	1198	24.3	53	1018.6	0.500	3.82	16.16	0	54	100	1990	4423	5465	5677	4865	2285	0	636	2.15145	1.52856	0.98185	0.43189	0.15035
483.0	   6603	 37	 15.9	102.8	3.81	2.10	2.00	3565	100	24.3	53	1018.6	0.500	3.82	16.12	0	54	55	2277	5148	6958	7720	6137	2138	88	821	2.56383	1.94340	1.17004	0.51467	0.17917
487.0	   6393	 37	 15.8	100.7	3.74	2.11	2.00	3567	361	24.3	53	1018.5	0.500	3.82	16.08	0	54	100	2173	4919	6693	7473	5945	2272	0	818	2.47841	1.87865	1.11588	0.49752	0.17320
491.0	   6068	 34	 13.6	 87.9	3.31	2.11	1.99	3567	719	24.3	53	1018.6	0.500	3.82	16.04	0	54	93	2449	5442	6708	6732	4945	1666	82	727	2.18986	1.65993	0.98596	0.43731	0.15304
495.0	   5759	 36	 13.4	 93.3	3.82	2.10	2.01	3565	1198	24.3	53	1018.2	0.500	3.82	16.12	0	54	83	2089	4637	6248	6888	5562	943	0	921	2.17619	1.64957	0.97981	0.43458	0.20787
499.0	   6456	 30	 13.8	 93.2	4.09	2.13	1.99	3569	98	24.3	53	1018.5	0.500	3.82	15.76	0	54	71	3497	7397	7528	5969	4712	451	1	1035	2.11864	1.48761	0.95389	0.42308	0.20237
503.0	   9236	 28	 15.9	123.0	5.56	2.06	1.99	3567	360	24.3	53	1018.3	0.500	3.82	15.92	0	54	76	5071	10838	11600	9392	5410	5	8	1444	2.81659	1.97768	1.14816	0.56246	0.26904
507.0	  12521	 30	 24.9	174.3	7.72	2.07	1.99	3567	719	24.3	53	1018.5	0.500	3.82	16.00	0	54	95	6119	13311	15222	13758	8931	0	0	1990	4.06063	2.85118	1.65527	0.79724	0.38787
511.0	  11740	 32	 23.5	135.8	4.37	2.08	1.99	3565	1198	24.3	53	1018.3	0.500	3.82	16.04	0	54	100	5289	11938	13838	12578	6873	3889	459	767	3.93937	2.76604	1.60584	0.77343	0.09129
515.0	  14715	 29	 27.8	140.4	3.48	2.10	2.00	3568	100	24.3	53	1018.6	0.500	3.82	16.16	0	54	76	8096	18029	18408	13531	4291	5081	2224	69	4.45301	3.13521	1.81522	0.87427	0.10319
519.0	  11215	 31	 23.5	120.5	4.11	2.00	2.01	3567	361	24.3	53	1018.6	0.501	3.82	15.88	0	54	100	4776	11034	14128	13873	6151	1919	459	806	3.53668	2.49005	1.26721	0.69437	0.08195
523.0	   8323	 30	 15.5	 77.9	2.32	1.99	2.00	3568	720	24.3	54	1018.5	0.500	3.81	16.28	0	54	78	3919	8926	10595	9562	3849	1757	471	358	2.47802	1.74469	0.88789	0.43440	0.05742
527.0	   7841	 31	 14.4	 85.3	3.03	1.99	2.00	3565	1198	24.3	54	1018.4	0.500	3.82	15.72	0	54	100	3332	7571	9635	9578	5197	1140	25	677	2.46929	1.73854	0.88476	0.43287	0.09693
531.0	   7235	 31	 14.0	 77.0	2.71	1.97	1.98	3565	99	24.3	54	1018.5	0.500	3.82	16.44	0	54	59	3035	6975	9120	9187	4455	675	266	568	2.22879	1.61205	0.79859	0.39071	0.08749
535.0	   6962	 33	 14.0	 80.8	2.64	2.05	2.00	3565	360	24.3	53	1018.5	0.500	3.82	16.04	0	54	47	2920	6553	7954	7775	5163	2090	1	530	2.34489	1.69602	0.96077	0.41106	0.09204
539.0	   6689	 32	 13.2	 70.8	2.07	2.04	2.00	3567	720	24.3	53	1018.3	0.501	3.82	16.20	0	54	70	2878	6442	7609	7345	5235	1516	347	321	2.18227	1.57839	0.89414	0.34411	0.08566
543.0	   6498	 33	 13.7	 64.3	1.48	2.05	2.00	3564	1199	24.4	53	1018.6	0.500	3.82	16.44	0	54	82	2726	6167	7194	6850	4760	2764	196	131	2.17832	1.57554	0.89252	0.34349	0.03944
547.0	   6122	 32	 13.1	 60.2	1.48	2.05	2.00	3568	100	24.3	53	1018.6	0.500	3.82	16.16	0	53	100	2695	6047	6896	6371	4340	2268	235	155	2.00575	1.42763	0.82181	0.31628	0.03631
551.0	   4934	 35	 11.1	 51.4	0.96	2.15	2.00	3568	361	24.3	53	1018.7	0.499	3.82	16.36	0	54	100	2233	4922	4777	3929	4101	3395	2	16	1.77438	1.26295	0.83564	0.27979	0.03213
555.0	   4778	 35	 11.7	 61.8	1.60	2.19	1.98	3565	719	24.3	52	1018.4	0.499	3.81	16.04	0	54	100	2035	4542	4865	4268	3314	3145	331	139	1.84642	1.31422	0.86957	0.37679	0.03343
559.0	   6164	 27	 11.2	 56.5	1.17	2.23	1.99	3563	1199	24.3	53	1018.6	0.500	3.81	16.04	0	54	100	4343	9448	7184	2599	370	5128	134	0	1.82677	1.30024	0.86031	0.37279	0.02035
563.0	   6106	 28	 11.6	 62.5	1.45	2.23	2.00	3564	100	24.3	52	1018.6	0.500	3.82	16.72	0	54	100	3922	8609	6890	3297	1717	3845	645	8	1.94449	1.34311	0.91575	0.39681	0.02166
567.0	   7280	 27	 10.8	 50.2	1.85	1.71	1.99	3565	361	24.3	52	1018.5	0.500	3.82	16.88	0	54	59	2822	7061	11687	12455	0	0	0	471	1.74763	1.20713	0.26710	0.35664	0.01947
571.0	   7267	 27	 11.0	 50.6	1.88	1.72	2.00	3564	720	24.3	52	1018.5	0.500	3.81	16.68	0	54	50	2822	7088	11702	12343	0	0	0	480	1.74466	1.20508	0.26665	0.36848	0.01944
575.0	   7252	 27	 11.3	 56.6	2.25	1.75	1.99	3565	1198	24.3	52	1018.5	0.499	3.82	17.04	0	54	43	3010	6970	11648	12155	0	0	0	584	1.78873	1.23552	0.27338	0.37778	0.20340
579.0	   7342	 27	 10.2	 55.8	2.22	1.75	2.01	3567	99	24.4	52	1018.7	0.500	3.82	16.24	0	54	34	3172	7277	11905	11863	0	0	0	575	1.78133	1.22088	0.27225	0.37622	0.20256
583.0	   4463	 32	 10.1	 74.9	3.34	2.19	2.02	3564	361	24.3	52	1018.6	0.500	3.81	16.44	0	54	100	2208	4679	4975	4279	3685	473	1	844	1.63044	1.11746	0.77593	0.34435	0.18540
587.0	   4228	 31	  9.1	 71.1	3.22	2.20	1.99	3564	719	24.3	51	1018.7	0.500	3.81	16.60	0	54	40	2233	4699	4777	3838	3307	290	80	807	1.51797	1.04038	0.72241	0.32453	0.17261
591.0	   5336	 29	 10.7	 87.4	4.15	2.21	1.99	3567	1198	24.3	51	1018.5	0.500	3.82	16.44	0	54	80	3357	6832	6033	3843	4126	0	0	1091	1.78908	1.22618	0.85143	0.38249	0.24880
595.0	   4122	 34	 11.7	 76.2	3.51	2.16	2.00	3565	100	24.4	51	1018.7	0.499	3.81	15.96	0	54	54	1736	3674	4490	4573	4150	0	0	910	1.55919	1.17496	0.74202	0.33334	0.21683
599.0	   4268	 35	 10.3	 85.9	4.03	2.21	1.97	3563	360	24.3	51	1018.6	0.500	3.82	16.16	0	53	33	1819	3824	4512	4522	4476	8	11	1049	1.68041	1.26631	0.85870	0.35926	0.23368
603.0	   4357	 35	 10.3	 79.4	3.53	2.20	2.01	3564	720	24.4	52	1018.7	0.500	3.82	16.40	0	54	36	1984	4037	4243	4013	5366	104	0	895	1.67247	1.26033	0.85465	0.30860	0.23258
607.0	   4780	 36	 11.5	 86.2	3.56	2.20	1.99	3567	1199	24.4	52	1018.6	0.500	3.82	16.20	0	54	81	1974	4103	4543	4525	5635	1018	0	850	1.92133	1.44787	0.98182	0.35452	0.23941
611.0	   5361	 33	 11.2	 93.1	3.99	2.24	2.00	3565	98	24.4	52	1018.6	0.501	3.82	16.00	0	53	84	2700	5546	5341	4346	5552	937	5	973	2.05080	1.45761	1.04798	0.37841	0.25554
615.0	   5385	 33	 12.2	 89.5	3.97	2.16	2.01	3567	361	24.3	53	1018.6	0.500	3.82	16.48	0	54	78	2520	5290	5814	5373	5315	195	0	1010	1.96987	1.40009	0.93565	0.36348	0.24546
619.0	   5108	 32	 12.3	 90.8	4.24	2.19	2.01	3567	718	24.4	52	1018.8	0.500	3.82	16.20	0	54	81	2542	5371	5784	5017	4214	171	0	1102	1.86052	1.32237	0.88371	0.41517	0.23183
623.0	   5116	 29	 12.0	 93.5	4.66	2.23	2.01	3567	1199	24.3	52	1018.5	0.499	3.82	16.72	0	54	100	3228	6250	6194	4311	3015	0	0	1245	1.74865	1.24285	0.83058	0.39021	0.38064
627.0	   4041	 39	 11.2	 92.3	4.39	2.15	2.00	3565	100	24.4	53	1018.5	0.500	3.82	16.20	0	54	21	1213	2573	4311	5444	4454	0	0	1152	1.73821	1.39315	0.82562	0.38788	0.37837
631.0	   4863	 36	 11.2	 99.2	4.72	2.12	1.99	3565	361	24.4	52	1018.7	0.501	3.82	16.24	0	54	38	1673	3403	5770	6861	4094	0	0	1243	1.90376	1.52583	0.86333	0.42482	0.41440
635.0	   5146	 35	 12.9	114.6	5.72	2.16	2.00	3564	719	24.4	52	1018.6	0.500	3.81	16.24	0	54	36	1805	3794	6534	7555	3166	0	0	1530	2.04145	1.63619	0.92577	0.53909	0.44438
639.0	   4655	 37	  9.3	 82.8	3.39	2.09	1.99	3564	1199	24.3	52	1018.6	0.500	3.82	16.20	0	54	43	1350	3273	5399	6490	3481	1020	281	760	1.82520	1.46286	0.82770	0.48198	0.11327
643.0	   6838	 27	 14.2	 95.0	3.88	2.20	1.99	3565	99	24.3	52	1018.9	0.500	3.82	16.44	0	54	100	4460	9588	8690	5003	1214	1969	701	776	2.19304	1.43830	0.99452	0.57912	0.13610
647.0	   7284	 24	 13.5	 93.5	3.80	2.18	2.00	3567	360	24.4	52	1018.7	0.499	3.82	16.04	0	54	100	5523	11760	9680	3955	23	1681	1229	662	2.11603	1.38779	0.94445	0.55878	0.13132
651.0	   6643	 28	 12.7	 87.0	3.42	2.18	2.00	3567	720	24.4	53	1018.7	0.500	3.82	16.28	0	54	100	4134	8857	8099	5001	2377	1894	410	706	2.12903	1.39632	0.95025	0.49643	0.13213
655.0	   5621	 29	 12.0	 87.2	4.00	2.17	2.00	3567	1198	24.4	53	1018.7	0.500	3.82	16.12	0	54	100	3218	6841	6781	4987	3206	563	16	1021	1.89275	1.24136	0.84479	0.44133	0.18655
659.0	   5144	 35	 12.4	 91.8	4.08	2.13	1.98	3568	100	24.4	54	1018.8	0.500	3.82	16.00	0	54	100	1927	4327	5880	6333	4283	594	0	1030	1.94845	1.46967	0.86965	0.45432	0.19204
663.0	   5339	 35	 12.5	 96.3	4.22	2.15	2.01	3568	360	24.4	54	1018.7	0.500	3.82	16.16	0	54	96	2048	4540	5943	6271	4552	898	0	1048	2.06653	1.55873	0.95749	0.48185	0.20368
667.0	   5217	 32	 11.3	 83.4	3.64	2.13	1.99	3568	720	24.4	53	1018.6	0.500	3.82	16.36	0	54	100	2343	5045	6006	5758	4274	258	140	893	1.82826	1.37901	0.84709	0.37523	0.18019
671.0	   5619	 34	 12.5	 88.1	3.58	2.14	2.02	3565	1199	24.4	53	1018.7	0.500	3.82	16.60	0	54	66	2347	5121	6144	6080	4902	1176	4	850	2.05305	1.54856	0.95125	0.42137	0.17946
675.0	   6248	 30	 13.3	 89.9	3.68	2.18	2.00	3564	99	24.4	53	1018.7	0.500	3.82	16.16	0	54	91	3458	7306	7039	5171	4332	1346	93	858	2.11101	1.50790	0.97810	0.43326	0.18453
679.0	   5981	 29	 12.5	 80.6	3.08	2.24	2.00	3565	361	24.4	53	1018.6	0.500	3.82	16.28	0	54	83	3833	7898	6411	3408	4010	2027	89	662	1.96476	1.40343	0.94859	0.40325	0.17174
683.0	   6862	 33	 13.4	131.2	5.94	2.25	1.99	3564	720	24.4	53	1018.7	0.500	3.82	16.04	0	54	100	3244	7102	7880	6795	4081	1937	1	1474	2.67797	1.91288	1.29294	0.72589	0.23409
687.0	   5586	 32	 12.1	108.0	5.08	2.25	2.01	3567	1198	24.4	53	1018.6	0.500	3.82	16.12	0	54	100	2771	6015	6576	5538	3293	940	40	1295	2.11007	1.50722	1.01875	0.57195	0.21310
691.0	   5549	 30	 13.5	 99.7	4.66	2.25	2.00	3564	99	24.4	53	1018.7	0.500	3.82	16.32	0	54	100	3149	6748	6702	4846	2615	889	184	1157	1.97418	1.38574	0.95314	0.53512	0.19937
695.0	   6172	 29	 13.0	109.7	5.15	2.25	1.99	3565	360	24.4	53	1018.7	0.500	3.82	16.00	0	54	100	3677	7844	7472	5012	2679	1135	132	1292	2.15662	1.51380	1.05041	0.58457	0.21780
699.0	   6187	 30	 13.5	 94.2	3.97	2.22	2.00	3565	720	24.4	53	1018.8	0.500	3.82	16.52	0	54	70	3607	7463	6654	4440	4898	1296	1	958	2.14049	1.50248	1.04256	0.42918	0.21617
703.0	   4850	 41	 12.4	 74.0	1.91	2.18	2.01	3565	1199	24.4	53	1018.7	0.500	3.82	15.88	0	54	100	1631	3691	4343	4517	4481	3696	472	149	2.13136	1.49607	1.03811	0.42735	0.05942
707.0	   5281	 36	 12.7	 69.2	1.74	2.20	2.00	3567	100	24.4	53	1018.6	0.500	3.82	16.16	0	54	76	2203	4975	5231	4620	3903	3527	437	125	2.03959	1.52271	0.99341	0.40895	0.05686
711.0	   7071	 31	 15.2	 73.5	1.77	2.12	2.01	3565	360	24.4	53	1018.7	0.500	3.82	16.28	0	54	100	3507	8017	8695	6991	2149	2951	1192	2	2.25512	1.68362	0.96945	0.45216	0.06287
715.0	   7674	 31	 14.1	 80.4	1.98	2.12	1.99	3569	720	24.4	53	1018.5	0.500	3.82	16.24	0	54	100	3721	8719	9279	7631	2959	2571	1481	0	2.44814	1.82772	1.05243	0.48418	0.06826
719.0	   6862	 35	 16.6	 94.7	3.32	2.07	2.00	3564	1199	24.4	53	1018.5	0.499	3.82	16.36	0	54	67	2468	5641	7567	8175	5704	2193	80	688	2.52269	1.88338	1.08448	0.49892	0.12783
723.0	   6732	 32	 14.5	 83.5	2.83	2.09	1.99	3567	98	24.4	53	1018.6	0.500	3.83	16.12	0	54	62	2976	6672	7920	7373	4146	1870	433	507	2.25658	1.68593	0.97008	0.44629	0.11435
727.0	   4975	 36	 13.6	 73.2	2.49	2.17	1.99	3567	361	24.4	53	1018.7	0.499	3.82	15.88	0	54	100	2025	4456	5046	4829	4294	2403	33	483	1.89871	1.41856	0.94063	0.37552	0.09621
731.0	   5097	 33	 12.8	115.9	5.08	2.38	2.01	3565	719	24.4	53	1018.7	0.500	3.82	16.32	0	54	42	2267	5353	6776	5947	0	1150	1724	933	2.14469	1.60234	1.06248	0.85590	0.10868
735.0	   4600	 33	 11.1	107.0	4.78	2.38	2.00	3565	1199	24.4	53	1018.6	0.499	3.82	15.96	0	53	77	2051	4832	6135	5402	0	975	1482	917	1.94533	1.45339	0.96372	0.77634	0.10350
739.0	   5115	 24	 11.9	 88.6	4.04	2.31	1.99	3564	99	24.4	52	1018.7	0.500	3.82	15.92	0	54	100	4032	8671	6878	1960	0	597	1326	773	1.72226	0.99395	0.85321	0.68732	0.09163
743.0	   4714	 28	 11.1	104.1	5.55	2.26	1.99	3567	361	24.4	52	1018.6	0.500	3.82	16.36	0	54	100	2702	6029	6598	4973	254	209	73	1499	1.82246	1.05178	0.72402	0.72730	0.09696
747.0	   7296	 24	 11.7	 79.1	3.29	2.06	1.99	3568	721	24.4	53	1018.8	0.500	3.82	16.16	0	54	100	5504	11707	9873	4589	262	1365	590	681	1.98310	1.14449	0.78784	0.47939	0.10551
751.0	   5958	 27	 12.2	 87.0	4.22	2.10	2.00	3568	1198	24.4	53	1018.7	0.500	3.82	15.92	0	54	100	3662	7822	7704	5387	2532	0	0	1123	1.93441	1.11639	0.76850	0.46762	0.18181
755.0	  12038	 39	 21.1	213.5	9.50	1.90	2.00	3565	100	24.4	53	1018.7	0.500	3.82	16.44	0	54	34	1826	5346	15292	22375	9741	1	10	2451	4.55923	3.90219	1.81127	1.10213	0.42850
759.0	   9345	 40	 26.7	168.7	7.58	1.84	2.00	3568	361	24.4	53	1018.6	0.500	3.82	16.00	0	54	99	836	3193	12568	19304	6356	21	43	1959	3.57540	3.06015	1.40983	0.86430	0.33604
763.0	  13827	 41	 30.0	204.6	7.79	1.83	2.01	3567	719	24.4	53	1018.8	0.500	3.82	16.04	0	54	82	1940	5361	15377	24006	16954	0	0	1881	5.17519	4.42939	2.04065	0.86694	0.48639
767.0	  16885	 42	 39.7	203.8	5.05	1.82	1.99	3567	1199	24.4	53	1018.7	0.500	3.82	16.32	0	54	59	2209	6941	17611	27047	18956	6367	190	690	6.42638	5.50027	2.53401	1.07654	0.11086
771.0	  13015	 35	 31.4	138.6	3.56	2.02	2.00	3569	100	24.4	54	1018.5	0.500	3.82	16.32	0	54	100	4706	10917	14336	15281	10453	5467	5	509	4.54169	3.31031	1.79085	0.76082	0.07835
775.0	   9595	 31	 18.7	 93.4	1.94	2.14	1.98	3569	360	24.4	54	1018.6	0.500	3.82	16.20	0	54	100	4920	10887	10648	7979	5267	5040	725	0	3.12401	2.27700	1.37529	0.52333	0.05389
779.0	   7397	 28	 15.0	 60.1	1.10	2.16	2.00	3569	720	24.4	55	1018.7	0.500	3.82	16.48	0	54	86	4910	10641	8034	3523	3391	4554	0	0	2.12853	1.55142	0.93705	0.32126	0.03672
783.0	   6256	 33	 13.6	 81.6	3.07	2.08	2.01	3569	1199	24.5	55	1018.7	0.500	3.82	16.64	0	54	79	2773	5940	6639	6401	6499	677	1	715	2.14257	1.56166	0.94323	0.32338	0.19260
787.0	   6679	 29	 12.5	 78.9	3.06	2.13	2.00	3568	101	24.5	55	1018.7	0.500	3.82	16.32	0	54	82	4064	8413	7300	4721	5625	802	2	719	2.08202	1.39701	0.91657	0.31424	0.18716
791.0	   6287	 28	 12.5	 70.9	2.67	2.12	1.99	3569	360	24.4	55	1018.7	0.500	3.82	16.60	0	54	100	3921	8088	6861	4249	5241	790	27	612	1.91300	1.28360	0.83570	0.28873	0.17196
795.0	   6176	 26	 11.5	 75.9	3.12	2.14	1.99	3568	721	24.4	54	1018.6	0.500	3.81	16.24	0	54	100	4335	9070	7539	3814	2465	943	425	673	1.80944	1.21412	0.79046	0.39241	0.16265
799.0	   5025	 30	 11.1	 69.3	2.81	2.15	2.00	3567	1200	24.5	54	1018.5	0.500	3.82	16.40	0	54	100	2735	5908	5970	4540	2767	1096	156	634	1.68457	1.13033	0.73591	0.36533	0.11139
803.0	   6269	 27	 11.7	 79.8	3.32	2.15	2.00	3568	99	24.5	54	1018.6	0.500	3.82	16.24	0	54	100	4050	8592	7676	4552	2472	1523	67	776	1.93661	1.25249	0.84601	0.41999	0.12806
807.0	   5526	 28	 10.7	 75.2	2.90	2.25	1.98	3567	361	24.5	54	1018.8	0.500	3.82	16.68	0	54	100	3656	7647	6202	3068	2581	2304	113	610	1.85130	1.19732	0.89530	0.40149	0.12242
811.0	   5485	 29	 12.6	 78.5	3.07	2.26	1.99	3568	720	24.4	54	1018.6	0.500	3.82	16.08	0	54	100	3458	7266	6118	3348	2727	2343	62	667	1.90413	1.23149	0.92085	0.42159	0.12591
815.0	   5270	 30	 12.2	 85.5	3.68	2.26	2.00	3567	1199	24.4	54	1018.5	0.500	3.82	16.36	0	54	100	3064	6429	5824	3844	3408	1513	2	884	1.92710	1.24635	0.93196	0.42667	0.17905
819.0	   4689	 32	 11.1	 77.7	3.30	2.23	1.99	3568	100	24.4	54	1018.7	0.500	3.82	16.20	0	54	48	2431	5157	5150	4033	3424	1172	65	782	1.72230	1.22402	0.83291	0.38133	0.16002
823.0	   5855	 31	 10.7	 89.7	4.08	2.10	2.00	3568	361	24.5	54	1018.8	0.500	3.82	15.96	0	54	38	2777	6084	7185	6618	3910	63	54	1049	1.97000	1.40006	0.84012	0.43617	0.18303
827.0	   5665	 30	 11.7	 77.2	3.37	2.08	2.01	3569	720	24.5	54	1018.7	0.499	3.82	16.04	0	54	50	2896	6206	6702	5777	4396	1	1	863	1.81089	1.28698	0.77227	0.33353	0.16825
831.0	   5790	 32	 11.9	 69.7	2.37	2.10	1.99	3568	1198	24.5	54	1018.7	0.500	3.82	16.32	0	54	100	2724	5989	6584	5781	4007	1797	78	474	1.94419	1.38172	0.82912	0.35808	0.09774
835.0	   4917	 36	 11.4	 65.8	2.29	2.03	2.00	3565	100	24.5	53	1018.7	0.500	3.82	16.04	0	54	42	1615	3770	5403	6219	4498	1290	17	485	1.77680	1.36280	0.75773	0.32725	0.08933
839.0	   4742	 37	 11.1	 65.2	1.94	2.15	2.01	3567	361	24.5	53	1018.6	0.500	3.82	16.04	0	54	75	1835	4069	4683	4631	4317	2461	180	293	1.81327	1.39077	0.87904	0.33397	0.09116
843.0	   4543	 40	 11.8	 75.9	2.61	2.13	2.00	3565	720	24.5	53	1018.7	0.501	3.82	16.08	0	54	65	1375	3175	4394	5093	4400	2569	2	515	1.92140	1.47371	0.93146	0.41186	0.09660
847.0	   4195	 39	 11.5	 72.8	2.71	2.14	2.00	3567	1198	24.5	53	1018.6	0.500	3.82	16.28	0	54	66	1335	3026	4150	4755	4133	1890	4	583	1.75116	1.34313	0.84893	0.37537	0.12671
851.0	   5087	 36	 11.8	 84.8	3.24	2.18	2.00	3567	100	24.5	53	1018.4	0.500	3.82	16.12	0	54	79	1965	4343	5243	5290	4443	2102	1	715	2.01437	1.52792	0.97653	0.43179	0.14575
855.0	   5675	 32	 12.8	 78.7	3.40	1.98	1.99	3565	360	24.5	53	1018.6	0.500	3.82	16.52	0	54	53	2035	4762	7269	8164	3784	0	2	872	1.86567	1.41513	0.70268	0.39991	0.13499
859.0	   6489	 33	 12.3	 78.6	3.04	1.95	2.00	3564	720	24.5	53	1018.5	0.500	3.82	16.12	0	54	52	2304	5314	7761	8853	5771	0	0	744	2.10356	1.59557	0.79228	0.34066	0.15220
863.0	   6168	 33	 11.3	 79.6	3.26	1.98	1.99	3567	1199	24.5	53	1018.5	0.500	3.82	16.16	0	54	54	2355	5169	7573	8385	4928	0	0	817	2.01055	1.52503	0.75725	0.32560	0.22181
867.0	   7970	 24	 12.3	 79.0	3.49	2.00	2.03	3565	100	24.5	53	1018.5	0.500	3.82	16.04	0	54	58	6077	12290	10037	4757	3702	0	0	905	1.99659	1.28342	0.75199	0.32334	0.22027
871.0	   7211	 25	 11.7	 80.1	3.51	2.08	2.02	3564	360	24.5	52	1018.7	0.500	3.82	15.88	0	54	88	5437	10951	8415	3682	4729	53	2	898	1.96734	1.26462	0.81549	0.31860	0.21704
875.0	   5760	 28	 10.8	 80.3	3.71	2.10	1.99	3561	720	24.5	52	1018.6	0.500	3.82	16.28	0	54	100	3339	7059	7127	5368	3430	0	0	970	1.84400	1.18534	0.76437	0.38009	0.20343
879.0	   6875	 25	 13.3	 61.5	1.78	2.10	2.01	3563	1200	24.5	52	1018.7	0.499	3.82	16.20	0	54	89	5138	10902	8803	3732	702	2168	1014	116	1.84687	1.18718	0.76555	0.38068	0.08201
883.0	   6699	 26	 12.2	 64.4	1.94	2.11	2.00	3564	99	24.5	51	1018.7	0.500	3.82	15.96	0	54	87	4546	9754	8530	4575	1186	2053	923	178	1.88880	1.26265	0.78294	0.38932	0.08387
887.0	   7924	 26	 13.5	 70.2	2.28	1.98	2.02	3565	361	24.5	51	1018.7	0.500	3.82	16.24	0	54	100	4787	10663	11150	8032	742	508	1436	232	2.07960	1.39019	0.71654	0.42865	0.09234
891.0	   6233	 28	 10.2	 63.3	2.42	1.98	1.98	3564	720	24.5	51	1018.7	0.500	3.81	15.84	0	54	100	3276	7318	8260	6968	2613	243	331	526	1.77685	1.18781	0.61223	0.33684	0.07890
895.0	   7574	 25	 12.5	 66.8	2.30	1.98	2.02	3564	1198	24.5	51	1018.8	0.498	3.82	16.00	0	54	59	4927	10684	10444	6800	1043	644	1020	327	1.94528	1.30041	0.67027	0.36877	0.13049
899.0	   7589	 23	 12.0	 68.6	2.89	1.95	2.02	3564	99	24.5	51	1018.6	0.500	3.82	15.92	0	54	100	5604	11867	10383	5462	1286	349	340	667	1.85872	1.09247	0.64044	0.35236	0.12468
903.0	   6649	 25	 11.5	 71.2	2.83	2.10	2.02	3563	361	24.5	51	1018.8	0.500	3.81	16.08	0	53	100	4889	10199	8136	3659	2495	1322	180	626	1.88835	1.10989	0.79541	0.35798	0.12667
907.0	   7878	 24	 12.2	 61.0	1.84	2.08	1.98	3563	720	24.5	51	1018.6	0.500	3.82	15.88	0	54	100	6671	13447	8820	1687	4159	2200	20	323	1.99963	1.17530	0.84228	0.26307	0.13413
911.0	   8915	 23	 13.4	 56.5	1.08	2.08	2.00	3561	1199	24.5	51	1018.6	0.499	3.82	15.88	0	53	100	7799	15892	10100	1163	3091	4168	7	22	2.17670	1.27937	0.91686	0.28636	0.06820
915.0	   6809	 29	 13.5	 58.1	1.26	2.11	1.98	3563	100	24.5	51	1018.8	0.500	3.82	16.32	0	54	87	4006	8502	7400	4700	4618	2849	87	99	2.05987	1.41309	0.86765	0.27099	0.06454
