Partector2 SN 8365
Firmware: rev 275
Hardware: rev 3.2
BLE firmware: rev 9
Calibration: 6.20, calibrated on 21.2.2023
Cal params 1: -2.95, 20.53, 3.85, 0.970, 0.00000682, 1.07, 60, 100
Cal params 2: -4.94, 42.87, 13.57, 0.933, 150, 360
Cal params 3: -19.14, 81.95, 31.46, 0.792, 300, 720
Start: 21.7.2023 11:00:36
statistics: 166558 LDSAmin, 9703 min, 291858 pulses
settings 1: 2.00 Idiff, 50 P, 100 D, 0.5 duty cycle, 2.0 pulse period, 1 zeroHV, 1 pulsing
settings 2: 1820 dp setpoint, 10 P, 500 I, 0.50 flow%
settings 3: 0 integration time, 1 adaptive DV, 4 multi DV, 1 multiDV on, 20 DV switchtime, 1 antispike, 90 RH shutdown, 80 RH autoheat, 1.00 RH corr, 0 RTCcal, 0.00 offs 1T, 0.00 offs 2T, 0.00 offs 4T, 3 ADCmedian, 0 SD, 0 heater, 989.0 dPcal_p, 293.6 dPcal_T, 988.0 cal_p, 296.6 cal_T, 123 compensation, 0 OEM
settings 4: 999999 alarmlevel, 0 USBtransmit, 0 bluetooth, 15 brightness, 127 contrast, 1 low power, 1 selftest, 360000 selftest interval, 0 autopower
environment: T 12.6...33.2, RH 13.0...81.9
gain	1516.0	1553.0
startup	1445.2	1481.2
ST: Ipump 15.7mA	Display 16.4V	CE -23.6V	+ 2.50V	- -2.50V

time	number	diam	LDSA	surface	mass	sigma	idiff	ucor	DV	T	RH	P	flow	bat	Ipump	error	PWMpump	steps	n10.00	n16.26	n26.43	n42.96	n69.83	n113.52	n184.55	n300.00	A1	A2	A3	A4	A5
3.0	  30780	 19	 29.2	 42.3	0.20	1.42	0.00	0	360	30.4	32	1012.3	0.500	3.92	15.72	0	53	100	21403	62734	59984	1742	0	0	0	0	4.21910	1.74969	0.00000	0.00000	0.00000
7.0	  12516	 26	 23.3	 84.5	1.40	2.14	2.02	3503	357	30.4	31	1012.2	0.500	3.92	15.44	0	53	100	9938	20733	11816	1407	11059	4357	0	0	3.68181	1.52688	1.76707	0.00000	0.00000
11.0	   8649	 27	 20.9	 95.7	2.55	2.30	2.02	3501	720	30.4	31	1012.3	0.500	3.92	15.40	0	53	100	6366	13281	9341	2624	2782	5563	868	156	3.13970	1.30206	1.50688	0.58735	0.00000
15.0	  12903	 21	 20.3	109.0	3.53	2.11	2.00	3503	1200	30.4	31	1012.3	0.499	3.92	15.36	0	53	100	12886	26050	14690	0	0	6530	483	504	3.37647	1.40025	1.62052	0.63164	0.12307
19.0	   9272	 35	 22.0	120.5	3.39	2.19	2.01	3500	100	30.5	31	1012.4	0.499	3.92	15.56	0	53	100	4135	9059	9245	7815	7181	5927	94	482	3.49776	2.54504	1.67873	0.65433	0.12749
23.0	   9346	 33	 21.1	113.2	3.43	2.12	2.00	3501	357	30.5	31	1012.3	0.499	3.92	15.48	0	53	64	4082	9150	10253	9370	6634	3909	339	546	3.27815	2.38525	1.44305	0.61325	0.11948
27.0	  10471	 34	 21.3	167.0	6.60	2.16	2.01	3505	720	30.5	31	1012.3	0.499	3.92	15.04	0	53	100	4283	9816	12404	12079	5728	3238	679	1390	3.91422	2.84807	1.72305	1.00565	0.14267
31.0	  11825	 32	 27.2	194.5	8.54	2.15	2.00	3503	1200	30.5	31	1012.4	0.500	3.92	15.24	0	53	100	5280	11883	14442	13435	6261	2591	39	2105	4.24389	3.08794	1.86817	1.09035	0.29671
35.0	  10039	 30	 21.5	159.7	7.21	2.14	2.02	3504	99	30.5	31	1012.4	0.499	3.92	15.44	0	53	100	4947	11030	12717	10978	4291	1713	89	1803	3.41494	2.46311	1.50327	0.87737	0.23876
39.0	   8217	 34	 19.6	146.3	6.22	2.21	2.01	3503	357	30.5	31	1012.5	0.500	3.92	14.88	0	53	100	3504	7811	9301	8749	5345	2713	31	1483	3.20571	2.31220	1.49353	0.82362	0.22413
43.0	   9710	 35	 22.4	126.7	4.03	2.14	2.04	3501	720	30.5	31	1012.4	0.499	3.92	15.60	0	53	65	4220	9056	9641	8889	9567	3875	0	761	3.58035	2.58242	1.66807	0.55856	0.25032
47.0	  10146	 29	 19.9	 88.1	1.60	2.19	1.98	3501	1201	30.5	31	1012.3	0.500	3.92	15.12	0	53	100	6618	13701	10189	4474	7022	6044	30	0	3.13607	2.26197	1.46108	0.48925	0.13682
51.0	   7123	 37	 17.2	 87.5	2.23	2.12	1.99	3501	99	30.5	31	1012.2	0.500	3.92	15.24	0	53	100	2760	6082	6816	6721	6937	4149	0	285	2.71700	1.98839	1.26584	0.42387	0.11853
55.0	   7271	 36	 17.5	 88.0	2.30	2.11	2.02	3501	356	30.5	31	1012.3	0.500	3.92	15.24	0	53	59	2826	6242	7118	7072	6977	3888	22	310	2.72831	1.99667	1.25259	0.42564	0.11903
59.0	   7330	 35	 17.3	 92.1	2.67	2.13	2.00	3501	720	30.5	31	1012.4	0.500	3.92	14.96	0	53	75	3017	6659	7435	7048	6397	3730	12	433	2.70982	1.98314	1.24410	0.46342	0.11822
63.0	   8447	 35	 25.5	103.9	2.88	2.12	2.00	3500	1201	30.5	31	1012.4	0.500	3.92	15.12	0	53	91	3449	7654	8613	8205	7252	4291	148	415	3.11061	2.27645	1.42810	0.53196	0.11751
67.0	   8778	 37	 19.4	110.4	2.99	2.10	1.96	3501	99	30.5	31	1012.3	0.500	3.92	15.28	0	53	53	3179	7212	8780	9186	8116	4523	194	407	3.30340	2.49927	1.51661	0.56493	0.12479
71.0	   8016	 40	 19.6	109.8	2.86	2.08	2.00	3501	357	30.6	31	1012.5	0.499	3.92	15.08	0	53	31	2388	5755	7397	8762	9061	3450	919	250	3.24001	2.45131	1.56603	0.55409	0.12240
75.0	   8039	 35	 19.2	110.8	3.36	2.18	2.00	3500	720	30.5	31	1012.3	0.500	3.92	14.80	0	53	48	3385	7596	8251	7459	5975	4603	311	513	3.03308	2.29475	1.46601	0.60893	0.11458
79.0	   8847	 30	 18.3	 89.1	1.79	2.23	2.02	3500	1200	30.5	31	1012.2	0.500	3.92	14.92	0	53	96	5174	11659	9755	5261	2151	7887	20	15	2.85776	2.16211	1.38127	0.57373	0.04653
83.0	   9417	 27	 18.7	 95.5	2.23	2.27	2.02	3501	99	30.5	31	1012.1	0.500	3.92	14.88	0	53	100	6938	14616	10530	3132	1983	6434	990	0	2.94497	1.94088	1.42343	0.59124	0.04795
87.0	   8945	 28	 18.0	 86.4	2.42	2.10	2.00	3501	357	30.5	31	1012.3	0.500	3.92	15.32	0	53	100	5264	11541	11079	7401	2632	3480	737	249	2.70221	1.78089	1.09858	0.54251	0.04400
91.0	   9571	 28	 17.2	 88.6	2.23	2.10	1.96	3500	720	30.5	31	1012.3	0.500	3.92	15.08	0	53	100	5623	12303	11676	7763	3257	3596	1017	116	2.89385	1.90718	1.17649	0.54769	0.04712
95.0	   9570	 27	 17.4	106.1	4.04	2.08	2.04	3504	1200	30.5	31	1012.2	0.500	3.92	14.96	0	53	100	5845	12507	11787	7938	4679	1147	612	831	2.83684	1.86961	1.15331	0.53690	0.18632
99.0	   9922	 26	 16.9	105.4	4.03	2.08	1.97	3501	100	30.5	31	1012.3	0.500	3.92	14.72	0	53	99	6546	13870	12305	7253	4098	1662	433	849	2.81984	1.84612	1.14640	0.53368	0.18521
103.0	   8399	 28	 16.5	103.4	3.85	2.19	2.01	3504	357	30.6	31	1012.4	0.500	3.92	14.96	0	53	100	5350	11200	9465	5325	4756	2786	100	817	2.69170	1.76222	1.23339	0.50943	0.17679
107.0	   8317	 30	 16.2	 95.8	3.25	2.17	1.97	3501	719	30.5	31	1012.3	0.500	3.92	15.16	0	53	100	4966	10382	8873	5511	6272	2749	0	654	2.72233	1.78227	1.24743	0.42344	0.17880
111.0	   9297	 27	 16.5	 92.9	2.87	2.19	2.00	3505	1201	30.5	32	1012.2	0.500	3.92	14.96	0	53	100	6920	14167	9940	3149	5301	4077	6	492	2.75066	1.80082	1.26041	0.42785	0.14847
115.0	   9061	 27	 17.5	 87.2	2.48	2.19	2.01	3501	100	30.5	32	1012.3	0.499	3.92	15.20	0	53	96	6542	13421	9666	3486	5320	4028	109	362	2.70257	1.76610	1.23837	0.42037	0.14587
119.0	   8253	 29	 16.0	 87.6	3.08	2.06	1.98	3501	357	30.5	32	1012.2	0.500	3.91	15.08	0	53	100	4415	9548	9610	7590	5770	1465	44	666	2.57100	1.68012	1.02779	0.39991	0.13877
123.0	   8975	 28	 16.7	 95.3	3.53	2.07	2.00	3504	720	30.5	32	1012.2	0.500	3.92	14.68	0	53	100	5351	11522	10951	7570	4605	1546	225	760	2.64873	1.73091	1.05886	0.47107	0.14297
127.0	   8284	 29	 16.9	 87.8	2.91	2.08	2.01	3504	1201	30.5	32	1012.4	0.500	3.92	14.76	0	53	100	4420	9711	9905	7684	4429	2375	171	558	2.62075	1.71263	1.04767	0.46610	0.06229
131.0	   8299	 33	 17.1	 88.9	2.41	2.03	2.00	3503	99	30.5	32	1012.2	0.500	3.92	14.60	0	53	69	3196	7619	9532	9842	6242	1663	993	235	2.77699	2.03181	1.11013	0.49388	0.06601
135.0	   8187	 33	 16.7	 89.3	2.46	2.09	1.99	3503	357	30.5	32	1012.3	0.500	3.92	14.68	0	53	92	3677	8249	9205	8209	5253	3658	196	345	2.74470	2.00819	1.18395	0.48814	0.06524
139.0	   7066	 35	 16.2	 75.8	1.80	2.08	1.97	3503	719	30.5	32	1012.3	0.500	3.92	14.84	0	53	75	2853	6425	7418	7177	5766	3594	54	195	2.49039	1.82212	1.07425	0.39649	0.05919
143.0	   8523	 30	 16.1	 77.8	1.62	2.13	1.99	3504	1201	30.5	32	1012.2	0.500	3.92	14.96	0	53	97	4824	10408	9423	6248	4892	4047	519	24	2.63078	1.92483	1.13481	0.41884	0.09604
147.0	   6879	 36	 16.1	 80.8	2.14	2.05	2.00	3505	100	30.5	32	1012.2	0.500	3.92	14.88	0	53	100	2430	5526	7028	7589	6513	3195	1	313	2.53803	1.86538	1.09480	0.40408	0.09266
151.0	   8810	 31	 15.5	 84.2	2.16	2.04	2.01	3504	357	30.5	32	1012.3	0.500	3.92	14.64	0	53	73	4118	9231	10381	9233	5479	2414	682	209	2.73304	2.00870	1.08878	0.43512	0.09978
155.0	   7895	 33	 16.1	 91.1	3.06	2.01	1.99	3501	719	30.5	32	1012.3	0.499	3.92	15.16	0	53	47	3028	6948	9257	9806	6167	1366	226	613	2.61870	1.92466	1.04323	0.45932	0.09560
159.0	   7792	 30	 14.7	 95.8	3.98	2.02	1.97	3501	1200	30.5	32	1012.4	0.499	3.92	15.32	0	53	49	3645	7996	9520	8975	5737	46	2	1001	2.39879	1.76304	0.95563	0.42075	0.18195
163.0	   8759	 27	 15.8	 96.5	3.88	2.06	2.01	3503	99	30.5	32	1012.2	0.500	3.92	15.04	0	53	78	5437	11495	10739	7176	4842	712	193	909	2.52846	1.67878	1.00728	0.44349	0.19178
167.0	   8137	 27	 15.4	 95.3	3.29	2.25	2.02	3504	357	30.5	32	1012.3	0.500	3.92	14.92	0	53	100	5954	12060	8374	2676	5416	3428	3	649	2.56235	1.70129	1.24873	0.44943	0.19436
171.0	   8304	 28	 16.2	106.0	3.92	2.25	2.01	3504	720	30.5	32	1012.2	0.500	3.91	15.32	0	53	91	5773	11863	8956	3734	4726	3381	107	808	2.69285	1.78793	1.31232	0.53091	0.20425
175.0	  10546	 25	 18.4	 92.4	1.89	2.25	2.00	3503	1201	30.5	32	1012.2	0.500	3.92	15.24	0	53	100	8580	18032	11660	1457	1280	8908	55	0	3.04495	2.02171	1.48391	0.60033	0.03459
179.0	  10542	 26	 19.3	 94.8	1.91	2.26	2.00	3503	100	30.5	32	1012.3	0.500	3.92	14.96	0	53	87	7864	17992	11382	2113	1389	9216	0	0	3.04487	2.21771	1.48388	0.60031	0.03459
183.0	   9166	 28	 17.3	 85.4	1.70	2.25	2.01	3505	357	30.5	32	1012.2	0.500	3.92	14.72	0	53	100	6305	14164	10133	3375	1336	8120	0	0	2.77537	2.02141	1.32329	0.54718	0.03153
187.0	   9708	 27	 18.3	 86.6	1.68	2.24	2.00	3501	720	30.6	32	1012.3	0.500	3.92	14.72	0	53	96	6834	15214	10152	2870	3405	7526	0	0	2.88279	2.09965	1.37451	0.50776	0.03275
191.0	   9964	 27	 17.6	 86.8	1.68	2.25	2.03	3504	1200	30.5	32	1012.3	0.500	3.92	14.84	0	53	98	7473	16209	10224	1920	3943	7448	0	0	2.89020	2.10505	1.37804	0.50907	0.06175
195.0	   8417	 32	 18.4	 87.7	1.82	2.21	2.01	3507	99	30.5	32	1012.3	0.500	3.92	14.72	0	53	100	4552	9797	8565	5521	5314	5923	153	61	2.90020	2.01944	1.38281	0.51083	0.06197
199.0	   9251	 28	 17.6	 85.7	1.81	2.20	2.01	3504	357	30.5	32	1012.3	0.501	3.92	14.96	0	53	100	6036	12834	10166	4765	3841	5758	410	27	2.84010	1.97759	1.32001	0.50024	0.06068
203.0	   9945	 27	 18.6	 98.6	2.34	2.23	1.97	3501	720	30.6	32	1012.4	0.499	3.92	15.08	0	53	100	6869	14959	11300	4514	2617	5609	1258	0	3.03335	2.11215	1.40983	0.59544	0.06481
207.0	   7837	 34	 18.1	108.3	3.74	2.17	2.02	3503	1201	30.6	32	1012.3	0.500	3.92	15.28	0	53	100	3596	7846	8361	7242	5873	3402	75	741	2.89272	2.01424	1.34447	0.56784	0.14142
211.0	   8837	 31	 17.9	106.5	3.25	2.20	2.00	3503	100	30.5	32	1012.3	0.500	3.92	15.20	0	53	100	4923	10540	9758	6620	5008	3864	720	440	2.99016	2.11370	1.38976	0.58697	0.14619
215.0	   8502	 31	 18.4	107.1	3.28	2.22	2.00	3500	357	30.5	32	1012.2	0.500	3.92	14.68	0	53	96	4672	9968	9089	6135	5232	4129	602	460	2.97237	2.10112	1.42066	0.58347	0.14532
219.0	   8498	 33	 19.4	 95.8	2.51	2.18	2.02	3499	720	30.5	32	1012.2	0.500	3.92	15.24	0	53	89	4414	9327	8305	5946	7435	4498	2	338	2.97149	2.10050	1.42024	0.44584	0.14527
223.0	   7844	 36	 18.8	 89.0	1.89	2.16	2.01	3503	1200	30.5	32	1012.1	0.500	3.92	14.92	0	53	100	3401	7458	7340	6311	7237	5254	54	113	2.95506	2.08889	1.41239	0.44338	0.08102
227.0	   9004	 33	 18.9	 90.3	1.64	2.22	2.01	3503	99	30.5	32	1012.3	0.500	3.92	14.88	0	53	100	4986	10617	8282	4802	7731	6249	0	0	3.03393	2.37296	1.45008	0.45521	0.08319
231.0	   9285	 34	 19.6	 94.5	1.89	2.08	2.02	3503	357	30.5	32	1012.3	0.499	3.92	15.28	0	53	74	3766	8876	9515	9068	7959	4078	733	0	3.15790	2.46992	1.39793	0.47381	0.08659
235.0	   7066	 41	 17.9	 91.0	2.54	1.93	2.01	3503	720	30.5	32	1012.3	0.500	3.92	14.96	0	53	32	1482	3946	6755	9547	9012	2225	95	420	2.74829	2.14955	1.21660	0.43279	0.07535
239.0	   7537	 40	 18.6	 86.5	1.77	2.00	2.03	3504	1201	30.6	32	1012.4	0.500	3.92	15.12	0	53	87	2047	4951	7265	8953	7859	4518	1	119	2.89391	2.26345	1.28107	0.45573	0.05142
243.0	   9320	 29	 18.2	 79.1	1.46	2.16	2.01	3503	99	30.6	32	1012.3	0.499	3.91	14.76	0	53	94	5780	12930	10114	5100	4135	6106	0	0	2.76059	2.05106	1.22205	0.43473	0.04905
247.0	   9500	 28	 17.2	 82.1	1.53	2.20	2.00	3503	357	30.5	32	1012.2	0.500	3.92	15.00	0	53	58	6355	13979	9766	3633	4928	6355	0	0	2.81455	2.09115	1.29747	0.44323	0.05001
251.0	   7460	 36	 16.5	 77.9	1.52	2.09	1.98	3503	719	30.5	33	1012.0	0.500	3.92	14.88	0	53	100	2929	6598	7348	7143	6811	4436	17	68	2.68173	1.99247	1.23624	0.40155	0.04765
255.0	   7317	 37	 16.7	 89.5	2.31	2.09	2.03	3504	1202	30.5	32	1012.4	0.500	3.92	14.68	0	53	75	2666	5935	7004	7346	7574	3822	10	312	2.77778	2.06383	1.28052	0.41593	0.12922
259.0	   6929	 33	 15.4	 76.7	2.02	2.15	1.99	3500	100	30.5	32	1012.2	0.500	3.92	14.72	0	53	75	3448	7340	6960	5410	5973	3416	6	279	2.39089	1.72759	1.10217	0.35800	0.11122
263.0	   7522	 32	 15.6	 80.1	2.45	2.08	1.98	3504	357	30.6	32	1012.3	0.500	3.92	14.56	0	53	100	3623	7968	8216	7038	6173	2156	8	461	2.42083	1.74923	1.02934	0.36248	0.11261
267.0	   7366	 31	 15.6	 93.6	3.34	2.11	2.00	3501	720	30.5	32	1012.3	0.500	3.92	15.04	0	53	64	3465	7749	8831	7743	3864	2262	337	653	2.46792	1.78326	1.04936	0.52471	0.11480
271.0	   6666	 33	 15.3	 95.8	3.84	2.10	2.00	3500	1200	30.5	32	1012.2	0.501	3.92	15.00	0	53	100	2874	6411	7819	7542	4597	1399	48	900	2.33830	1.68959	0.99425	0.49715	0.14925
275.0	   7252	 32	 15.1	102.0	4.08	2.11	1.97	3500	99	30.6	32	1012.3	0.500	3.92	15.20	0	53	100	3294	7302	8548	7876	4757	1586	47	952	2.50737	1.78559	1.06614	0.53309	0.16004
279.0	   6963	 30	 14.7	 90.1	2.92	2.27	2.02	3501	357	30.6	32	1012.4	0.500	3.92	14.88	0	53	100	4399	9210	7519	3876	3592	3289	701	409	2.36231	1.68228	1.16306	0.50225	0.15078
283.0	   6000	 35	 14.7	 83.1	2.65	2.21	1.99	3504	720	30.5	32	1012.3	0.500	3.92	15.00	0	53	92	2861	6069	5802	4631	5374	3213	1	480	2.27809	1.62231	1.12160	0.39853	0.14541
287.0	   8750	 25	 14.8	 74.6	1.46	2.27	2.00	3503	1200	30.5	32	1012.4	0.500	3.92	14.60	0	53	79	7255	15540	8425	0	3774	6471	0	0	2.46636	1.75638	1.21429	0.43146	0.04565
291.0	   8844	 24	 15.2	 72.8	1.44	2.26	2.01	3501	100	30.5	32	1012.4	0.500	3.92	14.60	0	53	78	7904	16552	7895	0	3011	6548	0	0	2.40705	1.68308	1.18509	0.42109	0.04456
295.0	   8818	 25	 15.0	 72.7	1.43	2.23	1.96	3501	357	30.6	32	1012.1	0.500	3.92	15.12	0	53	100	7304	15304	9359	717	2534	6566	0	0	2.43439	1.70220	1.16236	0.42587	0.04506
299.0	   8690	 25	 15.3	 67.5	1.23	2.24	1.98	3501	720	30.5	32	1012.3	0.500	3.92	15.16	0	53	77	7426	15578	7114	0	6305	4756	0	0	2.37405	1.66001	1.13355	0.32605	0.04394
303.0	   9204	 24	 15.0	 68.5	1.24	2.26	1.98	3503	1201	30.6	32	1012.3	0.500	3.92	14.88	0	53	99	8815	18612	4266	0	7382	4539	0	0	2.41514	1.68874	1.15316	0.33169	0.04601
307.0	   5872	 37	 13.8	 63.8	1.13	2.13	2.00	3501	99	30.5	32	1012.3	0.499	3.92	15.32	0	53	100	2336	5315	5187	4788	6147	4051	0	0	2.16446	1.71714	1.03347	0.29727	0.04123
311.0	   5802	 40	 14.6	 66.7	1.16	2.04	1.99	3501	356	30.5	32	1012.2	0.500	3.92	15.12	0	53	100	1698	4034	5031	5944	6765	4023	0	0	2.25896	1.79211	1.07586	0.31024	0.04303
315.0	   6362	 35	 14.1	 79.1	1.84	2.17	2.00	3501	720	30.6	32	1012.3	0.500	3.92	14.64	0	53	70	2381	6270	7245	6762	2061	4490	936	0	2.31920	1.83990	1.10455	0.50009	0.04418
319.0	   5611	 44	 13.8	 87.4	2.38	2.04	1.96	3499	1200	30.5	32	1012.5	0.500	3.92	14.44	0	53	50	1206	3105	5025	6738	6122	3819	279	292	2.46283	1.95385	1.17296	0.53107	0.04565
323.0	   7177	 31	 14.6	 80.4	1.86	2.22	1.99	3501	100	30.5	32	1012.2	0.500	3.92	14.96	0	53	99	3752	8875	8196	5542	1816	4945	882	0	2.40493	1.82415	1.14538	0.51858	0.04458
327.0	   6735	 32	 14.5	 72.5	1.67	2.13	2.01	3504	357	30.6	32	1012.3	0.500	3.92	14.92	0	53	100	3090	7167	8165	6929	1927	3716	919	0	2.23932	1.69853	1.00067	0.48287	0.04151
331.0	   8973	 38	 18.1	127.5	3.79	2.11	1.95	3500	719	30.6	32	1012.3	0.500	3.91	14.84	0	53	100	2908	6869	9415	10362	6807	5160	448	551	3.55804	2.69879	1.58995	0.79962	0.06595
335.0	   6023	 40	 17.9	 89.2	2.57	2.09	2.00	3499	1200	30.5	32	1012.2	0.500	3.92	14.68	0	53	100	1731	4136	5969	6997	5290	3774	282	356	2.51896	1.91064	1.12563	0.56610	0.05454
339.0	   7365	 39	 16.6	108.2	3.29	2.08	2.01	3504	99	30.6	32	1012.3	0.500	3.92	14.64	0	53	100	2116	5127	7660	8999	5994	4193	294	515	2.96734	2.31491	1.32599	0.66687	0.06424
343.0	   7047	 43	 20.0	112.0	2.58	2.18	1.96	3500	357	30.6	32	1012.2	0.499	3.92	14.84	0	53	75	2058	4832	6088	6746	6351	6155	1146	15	3.19623	2.49347	1.66823	0.71831	0.06920
347.0	  10517	 40	 24.0	136.4	2.68	2.18	2.01	3501	719	30.5	32	1012.4	0.500	3.91	14.88	0	53	57	3949	8796	8923	8254	10015	9754	104	38	4.29133	3.34779	2.23980	0.74713	0.09291
351.0	   8661	 44	 24.2	123.9	2.49	2.10	2.01	3503	1201	30.6	32	1012.2	0.500	3.92	14.76	0	53	71	2411	5564	6817	7948	9711	8346	199	45	3.85342	3.00617	2.01124	0.67089	0.09910
355.0	   8995	 44	 23.9	126.1	2.50	2.08	1.96	3500	99	30.5	32	1012.2	0.500	3.92	15.04	0	53	69	2424	5641	7102	8488	10238	8656	6	67	3.93950	3.12565	2.05616	0.68588	0.10131
359.0	  10383	 39	 29.6	133.9	3.24	2.09	1.98	3503	357	30.6	32	1012.3	0.500	3.92	14.76	0	53	100	3324	7696	9853	10903	9837	7234	5	346	4.06026	3.22146	1.96097	0.70690	0.10442
363.0	   6491	 43	 17.6	 90.1	2.06	2.04	2.03	3501	720	30.6	32	1012.3	0.499	3.91	15.08	0	53	91	1586	3829	5677	7230	7079	5174	0	180	2.76049	2.19021	1.33322	0.50444	0.07099
367.0	   6493	 40	 17.1	 82.4	1.62	2.09	2.02	3505	1200	30.6	32	1012.3	0.499	3.92	15.24	0	53	89	1951	4623	6020	6755	5877	5271	262	6	2.62709	2.08437	1.26880	0.48006	0.04182
371.0	   9458	 26	 16.9	 80.6	1.59	2.24	2.01	3500	99	30.6	32	1012.4	0.500	3.92	14.88	0	53	100	7496	15955	10169	1484	2297	7415	0	0	2.66392	1.89674	1.28658	0.48679	0.04240
375.0	   8857	 28	 16.5	 77.8	1.54	2.19	1.98	3504	357	30.6	32	1012.3	0.500	3.92	15.08	0	53	100	5865	12646	10067	4552	2364	6335	143	0	2.63223	1.87418	1.20105	0.48100	0.04190
379.0	   7650	 30	 15.6	 82.4	1.98	2.21	2.01	3501	720	30.6	32	1012.1	0.499	3.90	14.80	0	53	100	4402	9711	9066	5752	1790	4380	1150	0	2.48663	1.77052	1.13461	0.53490	0.03958
383.0	   7499	 30	 15.4	 91.1	2.80	2.19	2.02	3501	1200	30.6	32	1012.3	0.500	3.92	15.00	0	53	86	4089	8934	8730	6196	3104	3315	820	347	2.51797	1.79283	1.14891	0.54164	0.09633
387.0	   6882	 32	 14.6	 80.4	2.14	2.17	1.96	3500	99	30.5	32	1012.3	0.500	3.91	14.96	0	53	100	3340	7469	7878	6331	3191	3412	838	152	2.34960	1.74326	1.07209	0.50542	0.08989
391.0	   6228	 36	 15.3	 91.9	2.97	2.17	2.02	3501	357	30.6	32	1012.1	0.500	3.92	14.88	0	53	100	2390	5395	6448	6356	4746	3459	210	508	2.44079	1.81092	1.14811	0.52504	0.09338
395.0	   6861	 36	 15.6	 78.2	1.77	2.11	2.01	3500	720	30.6	32	1012.3	0.500	3.91	14.92	0	53	42	2707	6108	6397	6237	7293	3378	253	136	2.53025	1.87729	1.19019	0.36843	0.09680
399.0	   5963	 39	 15.6	 73.9	1.73	2.06	2.02	3504	1200	30.6	32	1012.4	0.499	3.92	14.72	0	53	30	1884	4314	5428	6210	6667	3569	0	182	2.36857	1.75734	1.11414	0.34489	0.09379
403.0	   8596	 27	 15.5	 74.0	1.51	2.22	1.99	3503	99	30.6	32	1012.2	0.500	3.92	14.72	0	53	100	6441	13102	8584	2001	5433	5108	0	61	2.53679	1.74663	1.19327	0.36938	0.10045
407.0	   7029	 32	 15.7	 75.4	1.82	2.19	2.02	3504	357	30.6	32	1012.3	0.500	3.92	14.36	0	53	100	3819	8040	6923	4576	5701	4053	0	198	2.43387	1.67577	1.15677	0.35440	0.09637
411.0	   7404	 30	 15.4	 77.6	1.94	2.22	2.01	3501	720	30.6	32	1012.2	0.499	3.91	14.80	0	53	100	4594	9696	7797	4057	4267	4152	363	160	2.41212	1.66079	1.14643	0.42905	0.09551
415.0	   6899	 32	 15.7	 95.5	3.52	2.19	1.98	3501	1200	30.6	32	1012.1	0.500	3.92	14.60	0	53	100	3608	7597	7260	5523	5618	2286	43	757	2.46132	1.69467	1.16982	0.43781	0.18756
419.0	   7370	 30	 15.5	 93.5	3.43	2.20	1.96	3500	100	30.6	32	1012.3	0.499	3.92	15.24	0	53	100	4536	9411	7809	4536	5472	2423	0	736	2.47182	1.69501	1.17481	0.43967	0.18836
423.0	   7042	 31	 14.3	 95.4	3.49	2.20	2.02	3503	357	30.6	32	1012.4	0.500	3.92	14.80	0	53	73	3868	8099	7395	5217	5592	2423	27	745	2.46746	1.69202	1.18026	0.43890	0.18803
427.0	   7245	 31	 15.3	 82.0	2.49	2.19	1.96	3500	720	30.6	32	1012.3	0.499	3.91	15.24	0	53	83	4321	8829	6994	4070	7030	2641	2	445	2.42264	1.66129	1.15883	0.32485	0.18462
431.0	   8133	 28	 15.2	 74.6	1.74	2.21	1.95	3500	1201	30.6	32	1012.2	0.500	3.92	14.80	0	53	100	5740	11704	7686	2379	7102	3741	5	179	2.47003	1.69378	1.18150	0.33121	0.13467
435.0	   7146	 32	 15.9	 78.4	2.01	2.19	1.97	3501	100	30.6	32	1012.3	0.500	3.92	15.16	0	53	87	3883	8075	6784	4509	6801	3542	7	262	2.47066	1.74876	1.18180	0.33129	0.13471
439.0	   7355	 33	 15.2	 80.4	2.29	2.06	2.01	3503	357	30.6	32	1012.4	0.500	3.92	15.20	0	53	47	3165	6928	7699	7359	7073	2127	119	380	2.52180	1.78496	1.08636	0.33815	0.13750
443.0	   7052	 34	 14.8	103.0	3.95	2.13	1.97	3501	720	30.6	32	1012.2	0.500	3.92	14.80	0	53	100	2931	6590	8029	7786	4882	2312	0	886	2.63333	1.86390	1.13441	0.59772	0.14358
447.0	   6626	 32	 15.4	 97.3	3.94	2.13	1.97	3500	1200	30.6	32	1012.3	0.500	3.92	14.72	0	53	100	3022	6731	7843	7125	3927	1812	9	924	2.33896	1.65554	1.00759	0.53090	0.12577
451.0	   7874	 30	 15.4	104.2	4.08	2.13	1.98	3503	100	30.6	32	1012.0	0.500	3.92	14.56	0	53	100	4169	9191	9684	7608	3467	1927	394	870	2.57025	1.79227	1.10723	0.58340	0.13821
455.0	   7682	 28	 15.4	 91.9	2.86	2.24	2.00	3500	357	30.6	32	1012.3	0.500	3.91	14.76	0	53	93	5100	10831	8991	4420	2107	3545	1101	303	2.45988	1.71531	1.16774	0.55835	0.13227
459.0	   6840	 32	 15.2	 83.4	2.56	2.19	1.99	3500	720	30.6	32	1012.1	0.500	3.91	14.88	0	53	69	3626	7669	6974	4973	5430	3274	23	443	2.39987	1.67346	1.13925	0.39943	0.12904
463.0	   7144	 32	 14.9	 71.2	1.37	2.20	1.95	3497	1200	30.6	32	1012.3	0.500	3.92	15.08	0	53	48	3958	8545	7259	4474	4486	4964	163	0	2.44256	1.70323	1.15952	0.40654	0.03370
467.0	   7724	 31	 15.3	 83.0	1.82	2.24	2.00	3501	100	30.6	32	1012.2	0.500	3.92	14.84	0	53	100	4457	9559	7908	4468	4362	5437	355	56	2.68705	1.87037	1.27558	0.44723	0.03708
471.0	  12046	 25	 17.8	 96.1	1.86	2.23	1.99	3500	356	30.6	32	1012.3	0.500	3.92	15.08	0	53	91	10362	22074	11553	0	4840	8256	0	0	3.25104	2.26295	1.56503	0.54110	0.04486
475.0	  11420	 25	 18.7	 88.1	1.62	2.24	2.02	3501	720	30.6	32	1012.2	0.500	3.91	14.72	0	53	52	10020	21318	8612	0	7783	6384	0	0	3.07838	2.14277	1.48192	0.43294	0.04248
479.0	   7671	 31	 17.1	 75.0	1.47	2.22	2.01	3500	1200	30.6	32	1012.1	0.500	3.91	14.96	0	53	100	4633	9674	7335	3673	5965	5015	10	44	2.56677	1.78665	1.23563	0.36099	0.08238
483.0	   7283	 32	 15.4	 73.4	1.43	2.21	2.03	3503	99	30.6	32	1012.1	0.500	3.92	15.12	0	53	49	4080	8576	6963	4143	5874	4747	106	23	2.52023	1.74774	1.21323	0.35444	0.08089
487.0	   8572	 30	 16.2	 77.4	1.60	2.14	1.98	3501	357	30.6	32	1012.1	0.500	3.91	15.28	0	53	66	4908	10414	9086	5843	5935	4118	249	65	2.70585	1.87646	1.19090	0.38055	0.08685
491.0	   9793	 30	 18.0	101.8	2.77	2.15	2.00	3501	721	30.6	31	1012.3	0.500	3.91	14.88	0	53	100	5470	11811	11030	7586	5299	4390	497	320	3.14799	2.18307	1.38550	0.55685	0.10104
495.0	   9298	 31	 18.9	105.7	3.26	2.14	1.99	3501	1202	30.6	32	1012.1	0.500	3.92	14.88	0	53	100	4838	10465	10345	7926	5998	3704	232	548	3.09653	2.14739	1.36285	0.54774	0.12865
499.0	   7593	 37	 17.7	 98.3	2.88	2.08	2.01	3503	100	30.6	32	1012.2	0.500	3.91	14.68	0	53	100	2650	6069	7680	8289	7154	3648	0	486	2.92106	2.12060	1.28562	0.51670	0.12136
503.0	   7652	 33	 16.6	 88.7	2.89	2.05	1.97	3500	357	30.6	32	1012.1	0.500	3.92	15.16	0	53	88	3211	7219	8777	8573	5572	2284	51	569	2.57448	1.86900	1.04684	0.45540	0.10696
507.0	   8542	 30	 16.9	 87.4	2.38	2.09	2.00	3499	720	30.6	31	1012.0	0.501	3.91	14.72	0	53	53	4257	9448	10174	8427	4540	2417	1002	209	2.69576	1.95704	1.09615	0.47368	0.11200
511.0	  10010	 27	 16.6	 78.7	1.61	2.08	1.99	3501	1200	30.7	31	1012.2	0.499	3.92	15.44	0	53	100	6192	13863	12696	7620	1089	5544	433	0	2.74119	1.99003	1.11463	0.48167	0.06744
515.0	   8975	 30	 17.1	 84.4	2.04	2.09	2.00	3500	100	30.7	31	1012.4	0.500	3.91	15.12	0	53	73	4749	10528	10737	8178	4015	3364	851	105	2.76797	1.95071	1.12552	0.48637	0.06809
519.0	   7127	 35	 16.2	 84.6	2.30	2.09	2.03	3501	357	30.6	31	1012.2	0.500	3.91	15.08	0	53	100	2762	6281	7360	7342	6110	3569	2	344	2.62650	1.85101	1.14964	0.46152	0.06461
523.0	   9585	 25	 16.8	 68.6	1.21	2.17	2.00	3500	721	30.6	32	1012.0	0.499	3.93	15.24	0	53	98	7822	16287	9370	746	6715	4479	0	0	2.51677	1.77368	1.10161	0.33521	0.06191
527.0	   7928	 31	 16.3	 76.3	1.83	2.12	2.04	3503	1201	30.6	32	1012.2	0.500	3.91	15.16	0	53	91	4215	8973	8246	6055	6624	3124	128	204	2.55293	1.79916	1.11744	0.34003	0.11254
531.0	   7778	 30	 15.6	 74.8	1.98	2.13	1.99	3499	100	30.6	31	1012.3	0.500	3.92	14.68	0	53	100	4560	9591	8281	5252	5770	3115	0	289	2.47554	1.60632	1.08356	0.32972	0.10912
535.0	   8552	 29	 15.7	 77.5	2.33	2.05	2.00	3503	357	30.6	32	1012.4	0.500	3.91	14.76	0	53	100	4893	10431	9913	7131	5696	2003	19	436	2.53807	1.64689	0.98745	0.33805	0.11188
539.0	   8374	 29	 15.8	 86.2	2.94	2.06	1.99	3500	719	30.7	32	1012.2	0.499	3.91	15.16	0	53	100	4565	9897	10024	7739	4954	1739	168	593	2.56264	1.66284	0.99701	0.42446	0.11296
543.0	   9276	 26	 15.5	 77.8	2.19	2.06	1.97	3500	1200	30.6	31	1012.1	0.500	3.92	14.88	0	53	88	6287	13380	11480	6261	3355	2058	916	217	2.50997	1.62866	0.97652	0.41574	0.11100
547.0	   8167	 30	 15.4	 81.9	2.49	2.03	2.00	3501	99	30.7	32	1012.3	0.500	3.92	14.68	0	53	96	3929	8757	9965	8813	4733	1480	651	369	2.48392	1.80864	0.96638	0.41143	0.10985
551.0	   7724	 32	 15.1	 88.9	3.12	2.01	1.99	3501	357	30.6	32	1012.2	0.500	3.91	14.88	0	53	30	3150	7087	9038	9244	6130	1244	19	688	2.52004	1.83494	1.01185	0.41741	0.11145
555.0	   7728	 31	 14.8	 89.3	3.12	2.05	2.00	3500	720	30.6	32	1012.2	0.499	3.91	15.00	0	53	67	3472	7818	9354	8733	4653	1743	209	636	2.47965	1.80553	0.99563	0.46504	0.10966
559.0	   7491	 33	 15.9	 87.9	2.91	2.04	2.01	3500	1201	30.6	32	1012.3	0.500	3.91	14.84	0	53	73	3013	6891	8743	8794	5185	2232	62	577	2.53046	1.84253	1.01604	0.47457	0.08074
563.0	   8305	 31	 16.2	 90.3	2.90	2.04	2.01	3500	99	30.6	32	1012.1	0.500	3.92	14.68	0	53	92	3669	8374	10232	9603	4312	2296	356	510	2.61844	1.93958	1.05136	0.49107	0.08355
567.0	   7301	 34	 15.6	 87.2	2.80	2.03	1.96	3496	357	30.7	32	1012.3	0.500	3.91	15.00	0	53	81	2701	6257	8380	8888	5433	2345	52	542	2.52846	1.87292	1.01554	0.47419	0.08068
571.0	   7276	 33	 15.2	 82.1	2.50	2.03	1.99	3504	721	30.7	32	1012.2	0.500	3.92	14.72	0	53	63	2853	6570	8583	8821	4999	1738	529	385	2.42860	1.79895	0.97543	0.44820	0.07749
575.0	   7785	 33	 15.7	 97.7	3.66	2.03	2.01	3500	1200	30.6	32	1012.1	0.500	3.91	14.96	0	53	91	3093	7014	9199	9542	5921	1277	0	843	2.59934	1.92543	1.04401	0.47971	0.14671
579.0	   8536	 26	 16.6	 90.9	3.52	2.08	1.99	3497	100	30.7	32	1012.1	0.500	3.92	15.08	0	53	100	5569	11815	10533	6302	3699	1608	131	791	2.48757	1.52542	0.99912	0.45909	0.14040
583.0	   8171	 26	 15.9	 87.1	3.24	2.11	2.01	3501	357	30.7	32	1012.0	0.500	3.92	14.96	0	53	100	5554	11691	9837	5215	3503	2051	185	683	2.40361	1.47393	1.01230	0.44359	0.13566
587.0	   8246	 28	 16.0	 76.3	2.35	2.10	2.02	3503	719	30.6	32	1012.3	0.500	3.91	14.96	0	53	100	5373	11175	9195	5080	5536	2275	0	439	2.45924	1.50805	1.03573	0.32361	0.13880
591.0	  10973	 22	 16.3	 66.5	1.23	2.07	1.99	3497	1200	30.7	32	1012.3	0.500	3.91	15.00	0	53	100	10187	20929	12131	0	3428	5321	0	0	2.53678	1.55559	1.06839	0.33381	0.04749
595.0	   9330	 27	 15.8	 69.1	1.21	2.13	1.99	3504	99	30.6	32	1012.2	0.500	3.91	14.60	0	53	85	6443	13879	9956	3954	5356	4625	0	0	2.56006	1.84132	1.07819	0.33688	0.04792
599.0	   6097	 39	 15.6	 74.6	1.36	2.16	1.95	3497	357	30.6	32	1012.3	0.500	3.92	14.76	0	53	100	2321	5150	4933	4585	6782	5119	0	0	2.49570	1.79504	1.27986	0.32841	0.04672
603.0	   7128	 31	 15.2	 79.3	1.71	2.30	2.00	3503	720	30.7	32	1012.2	0.499	3.92	15.04	0	53	100	4346	9231	6918	3059	3975	6126	55	66	2.49024	1.79111	1.27706	0.46219	0.04662
607.0	   7767	 30	 15.8	 82.6	1.65	2.32	2.02	3500	1201	30.7	32	1012.3	0.499	3.92	15.24	0	53	100	5137	10972	7628	2420	3333	7301	7	8	2.63956	1.89850	1.35363	0.48990	0.02101
611.0	   8874	 26	 17.3	 81.5	1.64	2.31	1.97	3499	100	30.6	32	1012.1	0.500	3.92	14.72	0	53	100	7352	15653	8782	0	2541	7725	0	0	2.60236	1.83429	1.33456	0.48300	0.02071
615.0	   8151	 32	 17.7	 83.9	1.93	2.12	2.03	3504	358	30.6	32	1012.2	0.500	3.92	15.04	0	53	100	3903	8738	9246	7575	4282	4172	625	83	2.74081	1.93188	1.16979	0.50869	0.02182
619.0	   9050	 27	 16.7	 72.1	1.35	2.13	1.98	3499	719	30.6	32	1012.3	0.499	3.92	15.16	0	53	100	5951	12995	10625	5176	2142	5997	0	0	2.57096	1.81216	1.09729	0.42580	0.02046
623.0	   7470	 32	 15.4	 89.2	3.12	2.09	2.02	3501	1201	30.6	32	1012.2	0.500	3.92	15.24	0	53	66	3570	7738	8358	7336	5928	1774	24	667	2.48284	1.75005	1.05968	0.41121	0.15190
627.0	   8489	 30	 16.3	 94.5	3.28	2.10	1.98	3501	100	30.6	32	1012.2	0.500	3.92	14.72	0	53	67	4636	9886	9678	7329	5928	1992	90	683	2.65003	1.86729	1.13104	0.43890	0.16213
631.0	   8657	 30	 16.1	100.9	3.79	2.06	1.97	3499	357	30.7	32	1012.2	0.500	3.92	14.96	0	53	58	4282	9325	10145	8834	6406	1076	90	863	2.73100	1.92434	1.12405	0.45231	0.16709
635.0	   7830	 32	 16.2	 91.3	3.20	2.07	2.00	3501	720	30.6	32	1012.2	0.500	3.92	14.76	0	53	75	3662	7982	8906	8062	6135	1639	26	691	2.57376	1.81355	1.05933	0.42420	0.15747
639.0	   7157	 33	 15.9	 77.4	2.18	2.06	2.01	3503	1200	30.7	32	1012.3	0.500	3.92	14.84	0	53	100	3043	6847	7886	7481	5481	2817	2	357	2.44653	1.72389	1.00696	0.40323	0.06355
643.0	   8287	 30	 16.2	 75.2	1.62	2.09	2.03	3504	100	30.6	32	1012.0	0.500	3.92	15.00	0	53	100	4322	9552	9785	7571	4025	3152	863	0	2.54379	1.84675	1.04699	0.41926	0.06608
647.0	   7473	 35	 17.0	 83.6	2.13	2.08	2.02	3504	357	30.6	32	1012.0	0.500	3.92	15.00	0	53	100	2950	6656	7867	7778	6189	3609	87	271	2.67039	1.93866	1.15384	0.44013	0.06936
651.0	   8147	 33	 17.7	 79.2	1.76	2.08	2.00	3500	719	30.6	32	1012.1	0.500	3.92	15.12	0	53	42	3744	8293	8609	7473	6590	3597	152	149	2.69883	1.95930	1.16612	0.38356	0.07010
655.0	   7936	 33	 17.1	 74.9	1.44	2.10	2.01	3501	1202	30.7	32	1012.2	0.500	3.92	15.12	0	53	64	3666	8127	8297	7035	6204	4070	168	35	2.65338	1.92630	1.14648	0.37710	0.05347
659.0	   8783	 28	 17.7	 74.3	1.62	2.13	1.97	3500	100	30.7	32	1012.2	0.500	3.91	14.80	0	53	100	5628	11909	9655	5041	4849	4377	40	121	2.65948	1.67865	1.14912	0.37797	0.05360
663.0	  12155	 21	 15.6	 76.0	1.44	2.17	2.03	3503	357	30.7	32	1012.3	0.500	3.92	14.88	0	53	100	14409	28889	3201	0	4967	6135	0	0	2.71577	1.71419	1.28447	0.38597	0.05473
667.0	   7253	 31	 16.3	 80.9	2.04	2.22	1.97	3499	721	30.7	32	1012.0	0.500	3.92	14.88	0	53	100	4077	8702	7465	4580	4491	4726	119	208	2.59478	1.63782	1.22724	0.45331	0.05229
671.0	   7706	 29	 15.7	 81.7	2.23	2.22	2.01	3501	1201	30.7	32	1012.2	0.500	3.92	15.16	0	53	100	4975	10445	8219	3945	4164	4298	199	272	2.53627	1.60089	1.19957	0.44309	0.08961
675.0	   8198	 28	 15.5	 79.2	1.74	2.24	2.06	3504	100	30.7	32	1012.1	0.499	3.91	15.28	0	53	100	5734	12035	8684	3104	3848	4734	707	0	2.54850	1.74655	1.20535	0.44523	0.09004
679.0	   7815	 30	 15.4	 82.5	2.36	2.14	2.00	3501	357	30.7	32	1012.4	0.500	3.92	15.00	0	53	100	4321	9309	8833	6235	4445	3242	316	328	2.51937	1.72659	1.09759	0.44014	0.08901
683.0	   8376	 30	 15.8	 72.1	1.46	2.11	1.97	3501	720	30.7	32	1012.3	0.500	3.91	15.20	0	53	100	4756	10195	8891	5839	6100	3706	125	76	2.57794	1.76672	1.12310	0.36698	0.09108
687.0	   7229	 31	 15.3	 72.3	1.88	2.11	2.01	3501	1200	30.6	33	1012.2	0.500	3.92	15.08	0	53	100	3789	8194	7660	5754	5729	2731	150	247	2.35894	1.61664	1.02770	0.33581	0.09317
691.0	   7878	 29	 16.2	 73.7	1.87	2.13	2.01	3501	100	30.7	32	1012.0	0.501	3.92	14.72	0	53	100	4654	9849	8504	5321	5432	3256	79	235	2.45563	1.66029	1.06982	0.34957	0.09699
695.0	   6304	 36	 14.9	 74.9	1.80	2.15	2.01	3501	357	30.7	32	1012.3	0.500	3.92	15.08	0	53	100	2679	5813	5928	5305	6044	3910	0	192	2.41592	1.63344	1.14578	0.34392	0.09542
699.0	   7934	 29	 15.7	 78.7	1.81	2.22	2.01	3501	720	30.6	32	1012.3	0.500	3.91	14.84	0	53	90	5155	10825	8032	3537	5211	4372	364	99	2.55991	1.73079	1.21407	0.40373	0.10111
703.0	   8812	 24	 15.0	 66.0	1.27	2.20	1.96	3500	1201	30.7	33	1012.2	0.500	3.92	14.92	0	53	68	7956	16661	8218	0	3290	5631	0	0	2.28196	1.54287	1.08225	0.35989	0.03328
707.0	   9575	 24	 16.1	 74.6	1.45	2.21	1.97	3501	100	30.7	32	1012.4	0.500	3.92	14.96	0	53	100	8272	17144	10098	136	3171	6552	0	0	2.58560	1.69714	1.22626	0.40778	0.03771
711.0	   8707	 26	 15.1	 68.0	1.32	2.15	2.03	3501	357	30.7	32	1012.3	0.500	3.92	15.24	0	53	100	6461	13639	9850	3198	2762	5203	145	0	2.40362	1.57769	1.04685	0.37908	0.03506
715.0	   8417	 27	 14.6	 68.6	1.41	2.15	2.00	3501	718	30.6	32	1012.2	0.500	3.92	14.72	0	53	100	5888	12636	9473	3854	3322	4292	421	0	2.41041	1.58215	1.04981	0.38553	0.03516
719.0	   7075	 31	 15.2	 82.8	2.74	2.13	2.01	3504	1202	30.7	32	1012.1	0.500	3.92	15.04	0	53	100	3650	7818	7691	6030	5435	2352	6	544	2.41148	1.58285	1.05027	0.38571	0.13745
723.0	   6792	 33	 14.8	 80.8	2.63	2.10	2.04	3504	100	30.7	32	1012.2	0.500	3.92	15.04	0	53	59	3085	6715	7321	6634	5784	2122	4	518	2.32410	1.66991	1.01222	0.37173	0.13247
727.0	   6667	 33	 14.1	 78.8	2.57	2.09	1.99	3503	357	30.7	32	1012.3	0.500	3.92	15.04	0	53	75	3046	6615	7247	6557	5585	2017	19	508	2.26709	1.62894	0.97912	0.36261	0.12922
731.0	   7188	 31	 14.4	 97.5	3.83	2.12	2.01	3503	720	30.7	32	1012.2	0.500	3.91	14.68	0	53	83	3440	7611	8558	7462	4167	1920	26	877	2.42119	1.73967	1.04567	0.51648	0.13800
735.0	   6491	 32	 14.1	 88.2	3.33	2.12	1.99	3500	1201	30.7	32	1012.2	0.500	3.92	15.00	0	53	89	2985	6630	7593	6812	3947	1979	87	726	2.24324	1.61181	0.96882	0.47852	0.11971
739.0	   6372	 30	 13.8	 84.4	3.30	2.14	2.04	3501	100	30.7	32	1012.2	0.500	3.92	15.12	0	53	100	3386	7362	7563	5871	3448	1707	121	732	2.14208	1.42457	0.92513	0.45694	0.11431
743.0	   5804	 31	 13.2	 80.6	2.81	2.27	2.03	3503	357	30.7	32	1012.2	0.500	3.92	14.96	0	53	100	3447	7281	6224	3625	3181	2982	253	507	2.08300	1.38529	1.02798	0.44434	0.11116
747.0	   5988	 30	 13.6	 80.8	2.78	2.27	2.02	3503	720	30.7	32	1012.2	0.500	3.91	14.68	0	53	100	3601	7594	6340	3560	3432	3218	114	516	2.12477	1.41307	1.04860	0.43636	0.11339
751.0	   5478	 36	 13.9	 82.9	2.61	2.25	1.96	3499	1201	30.7	32	1012.2	0.500	3.91	14.96	0	53	100	2471	5347	5352	4415	4271	3364	338	397	2.26682	1.50753	1.11870	0.46553	0.10786
755.0	   5592	 38	 14.1	 87.7	2.65	2.23	1.99	3499	100	30.7	32	1012.2	0.500	3.91	15.08	0	53	100	2213	4865	5264	4886	4804	3661	448	358	2.41082	1.64744	1.18976	0.49510	0.11471
759.0	   5643	 35	 13.4	 81.8	2.83	2.18	2.01	3499	356	30.6	32	1012.2	0.499	3.91	15.16	0	53	100	2462	5407	5905	5292	4298	2812	3	561	2.18608	1.49387	1.00645	0.44895	0.10401
763.0	   6996	 28	 13.6	 85.2	2.86	2.22	2.01	3503	721	30.7	32	1012.3	0.500	3.91	15.08	0	53	100	4554	9745	8412	4488	1713	3037	796	407	2.23487	1.52721	1.02891	0.51000	0.10634
767.0	   6821	 28	 13.1	 92.1	3.64	2.20	1.98	3497	1201	30.7	31	1012.3	0.500	3.91	14.96	0	53	80	4319	9151	8127	4798	2822	1873	481	747	2.19929	1.50290	1.01253	0.50188	0.16620
771.0	   5905	 34	 13.7	 96.5	3.97	2.15	2.01	3499	99	30.7	32	1012.4	0.500	3.91	15.16	0	53	98	2405	5365	6644	6593	4423	1586	28	934	2.20698	1.65304	1.01607	0.50363	0.16678
775.0	   5855	 33	 13.3	 94.1	3.90	2.18	1.97	3501	357	30.7	31	1012.2	0.499	3.91	15.12	0	53	53	2683	5882	6640	5947	3969	1693	9	921	2.12289	1.59006	1.00374	0.48444	0.16043
779.0	   5660	 37	 13.3	 97.1	3.84	2.16	2.02	3503	720	30.7	31	1012.3	0.500	3.91	14.88	0	53	66	2066	4626	5984	6352	4955	1889	84	864	2.26244	1.69458	1.06972	0.50302	0.17097
783.0	   6137	 32	 13.8	 77.3	2.06	2.23	1.96	3500	1201	30.7	31	1012.2	0.500	3.91	15.08	0	53	69	3078	6907	6925	5152	2318	3657	929	111	2.18304	1.63510	1.03218	0.48537	0.07531
787.0	   6932	 30	 14.4	 82.6	2.22	2.24	2.02	3501	99	30.7	31	1012.2	0.499	3.91	14.92	0	53	75	3953	8611	7958	5062	2298	3734	1126	103	2.35523	1.69174	1.11359	0.52365	0.08125
791.0	   6107	 32	 14.4	 81.1	2.09	2.32	1.99	3497	357	30.7	31	1012.3	0.499	3.91	15.20	0	53	89	3421	7331	6291	3697	2963	4128	1042	62	2.27965	1.63745	1.17270	0.50685	0.07864
795.0	   6923	 27	 13.3	 85.5	2.34	2.32	1.99	3500	721	30.7	31	1012.2	0.500	3.91	14.52	0	53	100	4855	10495	8321	3166	0	4210	1756	0	2.25147	1.61721	1.15821	0.60083	0.07767
799.0	   5326	 37	 14.6	 95.9	3.11	2.33	2.00	3500	1201	30.7	31	1012.0	0.499	3.91	14.76	0	53	100	2236	4973	5369	4629	3216	3208	1260	342	2.33495	1.67717	1.20115	0.62310	0.09400
803.0	   6756	 27	 14.2	 86.7	2.46	2.35	1.99	3500	100	30.7	31	1012.2	0.500	3.91	14.60	0	53	100	4990	10581	8029	2631	20	3752	2014	0	2.26892	1.54372	1.16718	0.60548	0.09134
807.0	   7125	 27	 13.7	 86.4	2.92	2.18	2.00	3501	357	30.7	31	1012.3	0.500	3.91	14.72	0	53	75	4500	9899	9426	5722	0	2404	1502	311	2.21262	1.50542	0.97442	0.59046	0.08908
811.0	   6794	 29	 14.2	 63.1	1.63	2.14	2.00	3500	720	30.7	31	1012.2	0.500	3.91	14.96	0	53	57	4248	8941	7269	4017	4599	2889	8	221	2.06790	1.40695	0.91069	0.29322	0.08325
815.0	   7147	 29	 14.1	 77.6	2.64	2.13	2.00	3503	1201	30.7	31	1012.2	0.500	3.91	15.00	0	53	79	4316	8958	7649	4816	5879	1696	0	550	2.23127	1.51811	0.98264	0.31639	0.15975
819.0	   6766	 31	 14.0	 79.1	2.70	2.11	2.02	3499	100	30.7	32	1012.0	0.499	3.92	14.96	0	53	70	3471	7308	7168	5801	6214	1527	0	570	2.23732	1.58377	0.98530	0.31725	0.16018
823.0	   7333	 30	 14.1	 79.6	2.90	2.03	2.01	3500	357	30.7	31	1012.1	0.499	3.91	14.80	0	53	55	3631	7824	8484	7515	6192	300	148	651	2.24646	1.59024	0.89763	0.31854	0.16083
827.0	   6704	 32	 13.9	 80.5	3.00	2.03	1.98	3497	720	30.7	31	1012.1	0.500	3.91	15.00	0	53	55	2918	6419	7698	7569	5780	671	13	697	2.20867	1.56349	0.88253	0.35098	0.15813
831.0	   6906	 31	 13.5	 82.2	3.25	2.03	1.99	3499	1202	30.7	31	1012.1	0.500	3.91	14.60	0	53	53	3262	7075	8180	7630	5585	137	66	786	2.17027	1.53631	0.86719	0.34488	0.17066
835.0	   6682	 34	 14.3	 83.9	3.17	1.99	2.01	3501	100	30.7	31	1012.2	0.500	3.91	15.00	0	53	99	2468	5531	7609	8469	6471	362	0	752	2.24521	1.68957	0.89713	0.35679	0.17656
839.0	   5639	 36	 13.7	 77.9	2.65	2.08	2.01	3501	357	30.7	31	1012.2	0.500	3.91	14.68	0	53	62	2049	4507	5701	6221	6037	1641	14	549	2.10769	1.58608	0.95625	0.33493	0.16574
843.0	   6151	 35	 13.3	 88.0	3.29	2.09	2.01	3499	720	30.7	31	1012.1	0.500	3.91	14.72	0	53	64	2387	5238	6530	6847	6023	1380	0	741	2.23898	1.68488	1.01582	0.39087	0.17607
847.0	   6244	 37	 15.2	 83.0	2.47	2.08	2.01	3501	1201	30.7	31	1012.2	0.500	3.91	14.64	0	53	57	2147	4875	6274	6858	5975	3020	16	421	2.39268	1.80054	1.08555	0.41771	0.10773
851.0	   6523	 31	 13.8	 74.4	2.29	2.17	2.01	3505	99	30.7	31	1012.3	0.500	3.91	14.72	0	53	100	3630	7733	7089	4865	4272	2806	129	382	2.19988	1.47286	0.99808	0.38405	0.09905
855.0	   7804	 28	 14.7	 78.3	2.29	2.14	2.02	3499	357	30.7	32	1012.3	0.500	3.91	14.84	0	53	100	4912	10411	8942	5150	3933	2878	444	307	2.38328	1.59565	1.04004	0.41606	0.10731
859.0	   7329	 29	 14.8	 68.8	1.81	2.14	2.05	3501	720	30.7	32	1012.2	0.499	3.91	14.88	0	53	100	4520	9453	7846	4536	5147	2935	35	254	2.25591	1.51037	0.98446	0.31200	0.10157
863.0	   7972	 29	 15.3	 80.6	2.45	2.12	1.98	3497	1200	30.7	32	1012.3	0.500	3.91	14.96	0	53	92	4741	9910	8595	5490	6087	2481	30	440	2.48836	1.66600	1.08589	0.34414	0.14218
867.0	   8071	 27	 15.5	 74.9	2.16	2.14	2.01	3499	99	30.7	32	1012.2	0.500	3.91	15.00	0	53	97	5491	11323	8742	4120	5434	2684	106	344	2.37994	1.54932	1.03858	0.32915	0.13598
871.0	   9155	 22	 14.2	 76.7	1.55	2.40	1.97	3501	357	30.7	32	1012.3	0.499	3.91	15.16	0	53	100	11993	20637	0	0	3690	7064	0	0	2.41418	1.57161	1.45787	0.33389	0.13794
875.0	   9681	 22	 15.0	 81.0	1.64	2.40	2.01	3500	720	30.7	32	1012.3	0.500	3.91	15.04	0	53	97	12695	21813	0	0	3924	7444	0	0	2.55018	1.66014	1.53999	0.35098	0.14571
879.0	   8991	 22	 15.0	 75.8	1.53	2.40	2.00	3499	1201	30.7	32	1012.1	0.500	3.91	14.84	0	53	72	11552	20374	0	0	3724	6956	0	0	2.38881	1.55509	1.44254	0.32877	0.11630
883.0	   6226	 36	 14.8	 82.5	1.55	2.51	2.01	3500	99	30.7	32	1012.3	0.500	3.91	14.64	0	53	100	4614	8675	701	0	9834	5679	0	0	2.51525	1.94217	1.51890	0.34618	0.12246
887.0	   5240	 45	 14.6	 70.8	1.31	2.04	1.97	3500	357	30.7	32	1012.3	0.500	3.91	14.64	0	53	73	1333	3056	3966	5037	6776	4650	0	9	2.31284	1.78588	1.19687	0.31832	0.11261
891.0	   5322	 42	 15.1	 87.6	2.47	2.17	2.04	3500	720	30.7	32	1012.2	0.500	3.91	15.04	0	53	86	1629	3692	4616	5154	5402	4016	424	286	2.37146	1.83114	1.22720	0.48662	0.11546
895.0	   5087	 43	 14.6	 79.6	1.91	2.15	2.02	3503	1200	30.7	32	1012.3	0.500	3.91	14.48	0	53	94	1468	3405	4301	4893	5096	4330	513	97	2.29054	1.76866	1.18533	0.47001	0.06928
899.0	   6885	 28	 14.2	 72.7	1.58	2.34	2.03	3500	99	30.7	32	1012.3	0.500	3.91	14.68	0	53	100	5099	10675	6999	1338	2296	5862	359	0	2.21812	1.60603	1.14785	0.45515	0.06709
903.0	   5936	 35	 13.4	 80.4	2.34	2.19	1.97	3500	357	30.7	32	1012.2	0.500	3.91	14.76	0	53	100	2562	5682	6098	5357	4212	3616	286	315	2.27373	1.64630	1.08508	0.46656	0.06877
907.0	   6545	 32	 13.3	 69.0	1.42	2.21	1.97	3500	721	30.7	31	1012.2	0.500	3.91	14.84	0	53	75	3566	7617	6597	4228	4397	4209	401	0	2.25870	1.63541	1.07791	0.38097	0.06832
911.0	   5829	 34	 13.4	 70.8	1.95	2.18	1.97	3497	1201	30.8	32	1012.3	0.500	3.91	14.68	0	53	60	2766	5960	5817	4674	4768	3313	50	273	2.11205	1.52923	1.00792	0.35623	0.08881
915.0	   6117	 33	 13.9	 71.8	1.93	2.20	2.00	3501	99	30.7	32	1012.3	0.500	3.91	14.92	0	53	100	3195	6812	6192	4390	4629	3303	232	230	2.16380	1.51733	1.03262	0.36496	0.09099
919.0	  17893	 40	 27.4	378.4	8.49	2.99	2.03	3503	357	30.7	32	1012.2	0.500	3.91	15.04	0	53	91	18585	22518	0	0	0	43690	0	0	9.39592	6.58875	8.15489	1.58478	0.39511
923.0	   5977	 52	 41.6	154.8	3.48	2.81	2.00	3500	720	30.7	32	1012.3	0.500	3.91	14.96	0	53	100	4178	5936	0	0	391	17818	0	0	3.82510	2.68230	3.31988	0.61616	0.16085
927.0	   5333	 51	 21.1	135.8	3.06	2.85	2.02	3503	1200	30.8	32	1012.4	0.500	3.91	14.96	0	53	100	3868	5650	0	0	0	15754	0	0	3.33772	2.34053	2.89687	0.53765	0.07943
931.0	   5401	 53	 22.0	141.8	3.20	2.84	1.98	3503	100	30.7	32	1012.2	0.499	3.91	15.04	0	52	96	4082	5046	0	0	0	16467	0	0	3.43332	2.55173	2.97984	0.55305	0.08171
935.0	  11462	 29	 22.1	101.3	1.88	2.22	1.98	3500	357	30.7	33	1012.2	0.499	3.91	14.88	0	53	67	7661	16680	11509	4151	6564	7748	0	0	3.45799	2.57006	1.61136	0.55703	0.08229
939.0	   9321	 31	 18.9	108.3	2.64	2.21	2.00	3503	720	30.7	33	1012.2	0.500	3.91	14.80	0	53	99	4740	10725	10918	8104	2675	5441	1552	15	3.18653	2.36830	1.48486	0.71724	0.07583
943.0	   7276	 35	 17.6	102.5	3.27	2.17	2.04	3507	1200	30.7	33	1012.3	0.500	3.91	15.08	0	53	100	2977	6798	7883	7333	4488	4198	263	538	2.75285	2.04599	1.28278	0.61963	0.07810
947.0	   7313	 33	 15.5	 91.1	2.31	2.16	2.00	3503	99	30.7	33	1012.2	0.500	3.91	14.80	0	53	78	3041	7261	9023	8237	1569	3880	1643	0	2.56885	2.02341	1.19703	0.57821	0.07288
951.0	   5458	 44	 16.0	 89.5	2.24	2.11	2.02	3503	357	30.7	32	1012.2	0.500	3.91	14.64	0	53	100	1330	3209	4721	5892	5445	4380	765	119	2.51402	1.98022	1.25643	0.56587	0.07133
955.0	   7649	 38	 16.9	 87.3	1.56	2.17	2.01	3504	720	30.7	32	1012.2	0.500	3.91	14.84	0	53	100	3211	7001	6158	5279	9065	5534	0	0	2.91113	2.29301	1.45489	0.39344	0.08260
959.0	   9130	 36	 19.8	100.1	1.79	2.22	1.98	3499	1201	30.7	32	1012.2	0.500	3.91	14.92	0	53	100	4433	10170	6901	4353	11152	6256	0	0	3.33540	2.62720	1.66692	0.45078	0.04910
963.0	  13015	 22	 20.1	 90.7	1.79	2.17	2.01	3501	100	30.7	32	1012.1	0.500	3.91	15.08	0	53	100	13216	26507	11068	0	2425	8457	0	0	3.26074	1.81472	1.62961	0.44069	0.04800
967.0	  12518	 25	 20.0	 86.4	2.17	1.99	1.98	3500	356	30.8	32	1012.2	0.500	3.91	15.12	0	53	100	8591	18301	15642	8517	4671	2860	502	236	3.28788	1.82983	1.15610	0.44436	0.04840
971.0	  16095	 20	 19.3	 80.4	1.64	1.91	2.03	3503	720	30.7	32	1012.0	0.500	3.91	15.08	0	53	100	15314	31930	20791	1472	3	6499	233	25	3.24397	1.80539	1.14066	0.51485	0.04775
975.0	  11446	 25	 18.2	113.2	4.85	1.99	1.97	3504	1202	30.7	33	1012.2	0.500	3.91	14.92	0	53	100	7624	16105	14716	9209	5289	39	16	1240	3.11127	1.73154	1.09400	0.49379	0.21629
979.0	  17451	 21	 22.3	134.9	5.51	1.92	2.02	3501	99	30.7	33	1012.3	0.499	3.91	15.16	0	53	100	15228	31360	22847	6615	3423	1507	445	1268	3.95284	2.03824	1.38992	0.62736	0.27480
983.0	  36271	 21	 37.2	196.1	8.20	1.72	2.02	3504	357	30.7	33	1012.3	0.500	3.91	15.08	0	53	100	29357	61411	56470	22467	0	0	4	2173	6.85033	3.53229	1.25728	1.08722	0.47623
987.0	  39111	 21	 43.5	140.8	4.01	1.69	2.04	3504	719	30.8	32	1012.4	0.501	3.91	14.72	0	53	96	32513	66429	55674	25533	4239	5	7	940	6.94202	3.57957	1.27411	0.29409	0.48261
991.0	  44907	 21	 54.5	130.4	1.49	1.71	2.00	3500	1201	30.7	32	1012.3	0.500	3.91	14.68	0	53	100	35302	75246	63030	30445	5165	3568	54	0	8.16847	4.21197	1.49921	0.34604	0.12124
995.0	  46830	 18	 49.8	 95.2	1.21	1.58	1.97	3503	100	30.7	32	1012.2	0.499	3.91	15.16	0	53	100	48095	98048	65111	6905	0	3473	290	0	7.34862	1.87948	1.34874	0.31131	0.10908
999.0	  40135	 18	 39.2	 95.9	1.77	1.60	2.01	3503	357	30.7	32	1012.3	0.499	3.91	14.96	0	53	100	39540	81269	56169	10271	0	2376	374	195	6.60808	1.69008	1.23525	0.27994	0.09808
1003.0	  33723	 17	 38.4	 75.9	1.67	1.54	1.98	3499	720	30.8	32	1012.3	0.500	3.91	14.92	0	53	100	36957	74788	45745	0	8	1393	743	174	4.92806	1.26040	0.92121	0.35185	0.07315
1007.0	  29237	 18	 28.4	 81.7	2.40	1.58	2.01	3501	1201	30.8	32	1012.4	0.500	3.91	14.84	0	53	100	29843	60962	41210	4903	5	805	323	498	4.70831	1.20420	0.88013	0.33616	0.07185
1011.0	  28770	 19	 31.3	 85.3	1.90	1.65	1.97	3500	99	30.7	33	1012.1	0.500	3.91	14.68	0	53	100	26185	54275	41007	12660	0	1400	558	251	4.96761	1.79204	0.92860	0.35468	0.07581
1015.0	  27383	 18	 27.2	 70.6	1.07	1.65	1.97	3503	357	30.8	32	1012.2	0.500	3.91	14.84	0	53	100	29274	59457	36171	0	0	4860	0	0	4.30797	1.55408	1.01238	0.30758	0.06574
1019.0	  21437	 20	 24.7	 85.2	2.42	1.72	2.02	3504	720	30.7	32	1012.1	0.500	3.91	15.12	0	53	100	19281	40052	29917	9150	777	1395	622	392	4.09351	1.47671	0.96198	0.38834	0.06247
1023.0	  20596	 21	 25.4	103.0	3.95	1.74	2.01	3503	1201	30.8	32	1012.3	0.500	3.91	14.92	0	53	100	17549	36393	28978	11479	2105	68	21	1007	4.19836	1.51454	0.98662	0.39828	0.18392
1027.0	  22621	 19	 24.4	 84.0	2.31	1.70	1.99	3505	99	30.8	32	1012.3	0.500	3.90	15.00	0	53	100	21778	44525	31333	6441	0	2180	600	337	3.91130	1.71061	0.91916	0.37105	0.17134
1031.0	  20101	 22	 25.5	112.7	4.07	1.81	2.00	3500	357	30.8	32	1012.2	0.500	3.91	15.00	0	53	100	15824	33150	27308	12758	5050	151	9	1001	4.38138	1.91620	1.15091	0.41565	0.19194
1035.0	  20703	 21	 26.6	113.6	4.31	1.78	2.01	3497	719	30.8	32	1012.2	0.500	3.91	15.00	0	53	100	17706	36941	28935	10796	1587	830	296	1013	4.19800	1.83600	1.10274	0.50937	0.18390
1039.0	  16475	 22	 24.8	 83.5	2.55	1.80	2.00	3499	1200	30.8	32	1012.1	0.500	3.91	14.92	0	53	100	12334	26260	22576	11807	3956	344	264	527	3.77924	1.65285	0.99274	0.45856	0.03415
1043.0	  18309	 20	 21.4	 73.2	1.43	1.79	2.02	3501	99	30.8	32	1012.2	0.500	3.91	15.24	0	53	100	16321	34498	25232	6420	0	3591	701	0	3.42526	1.77223	0.89975	0.41561	0.03095
1047.0	  15356	 24	 22.5	 93.2	2.50	1.91	2.00	3503	357	30.8	32	1012.1	0.500	3.91	15.16	0	53	100	10532	22542	20043	11712	5345	1785	431	380	3.78790	1.95986	1.14013	0.45961	0.03422
1051.0	  15272	 24	 24.5	 97.9	2.82	1.91	2.01	3501	719	30.8	32	1012.1	0.500	3.91	14.88	0	53	100	10506	22570	20207	11761	4518	1787	571	448	3.77944	1.95548	1.13759	0.51253	0.03415
1055.0	  15034	 21	 21.6	 75.2	1.70	1.86	2.01	3500	1201	30.7	32	1012.3	0.499	3.91	14.96	0	53	100	12864	27106	20520	6623	1	2934	1193	0	3.12541	1.61709	0.94073	0.42384	0.03756
1059.0	  12418	 23	 17.0	 67.7	1.41	1.89	2.00	3501	99	30.8	32	1012.2	0.500	3.91	14.76	0	53	100	8964	19525	17088	8979	620	2860	811	0	2.75464	1.71393	0.82913	0.37356	0.03310
1063.0	  12929	 22	 16.9	 72.1	1.32	2.01	1.96	3500	357	30.8	32	1012.3	0.500	3.91	14.56	0	53	100	11666	24536	15389	1473	2251	5952	0	0	2.84192	1.76823	1.09144	0.38539	0.03415
1067.0	  12473	 22	 17.5	 74.6	1.42	2.02	1.98	3500	720	30.7	32	1012.2	0.500	3.91	14.64	0	53	100	10634	22516	15719	3388	0	6847	0	0	2.85380	1.77563	1.09601	0.46084	0.03429
1071.0	  10101	 26	 18.0	 96.8	3.55	2.04	1.99	3503	1200	30.8	32	1012.1	0.500	3.91	14.96	0	53	100	6634	14021	12435	7464	4870	1443	234	764	2.80536	1.74549	1.07740	0.45302	0.16242
1075.0	   9414	 28	 17.5	 99.9	3.79	2.06	1.99	3499	100	30.8	32	1012.1	0.500	3.91	14.84	0	53	100	5536	11800	11347	8080	5595	1368	0	881	2.90636	1.68476	1.11619	0.46933	0.16827
1079.0	  11694	 24	 17.9	 97.8	3.74	1.96	2.00	3499	356	30.8	32	1012.3	0.500	3.91	15.00	0	53	100	8518	17933	15291	7986	3698	701	474	813	2.91501	1.68978	1.01078	0.47072	0.16877
1083.0	  11311	 23	 17.0	 98.1	3.93	1.96	2.01	3501	720	30.8	32	1012.4	0.500	3.91	14.72	0	53	100	8581	18041	14972	7135	2779	662	568	859	2.78061	1.61187	0.96418	0.45734	0.16099
1087.0	  11036	 25	 17.7	 83.8	2.51	1.98	2.00	3499	1200	30.8	32	1012.3	0.499	3.91	15.08	0	53	100	7580	16268	14420	8117	2713	2146	702	350	2.85323	1.65397	0.98936	0.46929	0.06226
1091.0	   8964	 28	 17.7	 83.4	2.80	2.00	2.01	3503	99	30.9	32	1012.3	0.500	3.91	15.24	0	53	100	4856	10661	11105	8802	4848	1575	36	592	2.69111	1.59534	0.93315	0.44262	0.05872
1095.0	  10006	 24	 17.8	 70.5	1.90	1.97	2.00	3501	359	30.8	32	1012.1	0.500	3.91	14.92	0	53	100	6986	15006	13331	7381	1789	1799	970	152	2.49503	1.47910	0.84079	0.41037	0.05445
1099.0	  10054	 24	 15.5	 62.0	1.35	1.96	2.01	3501	719	30.8	32	1012.3	0.499	3.90	15.12	0	53	100	7295	15540	13033	6485	2414	2006	861	7	2.42170	1.43563	0.81608	0.33769	0.05285
1103.0	  10131	 23	 14.9	 68.4	2.15	1.94	1.98	3500	1200	30.8	32	1012.2	0.500	3.91	14.72	0	53	100	8011	16683	13066	5318	2860	1156	570	341	2.31964	1.37512	0.78168	0.32346	0.12953
1107.0	   7621	 34	 14.8	 80.2	2.76	1.87	1.98	3499	100	30.8	32	1012.1	0.500	3.91	14.92	0	53	79	2266	5472	9256	11503	6975	0	0	640	2.41979	1.87019	0.81543	0.33743	0.13513
1111.0	   6366	 38	 14.0	 82.1	2.30	2.04	1.99	3504	360	30.8	32	1012.3	0.500	3.91	14.84	0	53	34	2019	4572	5990	7035	7471	2685	14	374	2.44193	1.88730	1.13504	0.34052	0.13636
1115.0	   5634	 38	 14.2	 95.8	3.57	2.13	1.99	3499	720	30.8	31	1012.1	0.500	3.90	14.80	0	53	100	1791	4177	5939	6724	4670	2550	94	753	2.30097	1.77836	1.06952	0.54797	0.12849
1119.0	   5639	 36	 14.4	 99.1	4.07	2.14	1.99	3497	1201	30.8	32	1012.3	0.500	3.91	15.16	0	53	80	1968	4512	6230	6807	4480	1739	31	954	2.22115	1.71667	1.03242	0.52896	0.16150
1123.0	   6676	 30	 14.4	100.9	4.24	2.20	2.02	3500	100	30.9	31	1012.0	0.500	3.91	14.92	0	53	100	3737	8045	7914	5702	3277	1775	211	973	2.28768	1.58142	1.06334	0.54480	0.16633
1127.0	   7202	 28	 15.2	 97.5	3.94	2.17	1.99	3500	360	30.8	31	1012.2	0.500	3.91	14.96	0	53	86	4337	9335	8943	5959	2544	1591	605	815	2.29462	1.58622	1.02322	0.54646	0.16684
1131.0	   6709	 31	 14.4	 89.2	3.46	2.14	2.00	3497	719	30.8	31	1012.3	0.500	3.91	14.88	0	53	99	3517	7544	7540	5952	4898	1477	80	780	2.26161	1.56340	1.00851	0.42665	0.16444
1135.0	   7097	 27	 13.5	 62.2	1.35	2.17	1.98	3500	1201	30.8	31	1012.1	0.500	3.91	15.04	0	53	100	4872	10734	8274	3495	1507	4285	459	0	2.04799	1.41573	0.91325	0.38635	0.02552
1139.0	   6817	 30	 13.6	 69.0	1.52	2.18	2.02	3500	99	30.8	31	1012.2	0.500	3.91	14.84	0	53	100	3855	8466	7826	5040	2348	4115	651	0	2.21855	1.57999	0.98931	0.41852	0.02765
1143.0	   6490	 32	 13.5	 71.0	1.62	2.19	2.02	3500	361	30.8	31	1012.0	0.500	3.90	14.96	0	53	100	3281	7231	7074	5235	3340	4026	515	49	2.25478	1.60579	1.02636	0.42536	0.02810
1147.0	   5890	 36	 13.1	 71.7	1.84	2.14	1.98	3501	719	30.8	31	1012.2	0.500	3.90	14.84	0	53	100	2389	5383	6037	5627	4408	3787	63	215	2.22399	1.58387	1.01235	0.42344	0.02771
1151.0	   5661	 35	 12.9	 74.0	2.19	2.16	2.02	3503	1201	30.8	31	1012.2	0.500	3.91	14.96	0	53	100	2416	5399	5900	5299	4085	3305	75	344	2.13638	1.52147	0.97246	0.40675	0.04604
1155.0	   6353	 31	 13.7	 68.6	1.64	2.19	2.03	3501	99	30.9	31	1012.3	0.500	3.91	15.00	0	53	100	3423	7537	6951	4788	3395	3236	720	51	2.14799	1.48522	0.97775	0.40897	0.04629
1159.0	   6820	 31	 12.8	 73.1	1.62	2.23	2.00	3499	360	30.9	31	1012.3	0.500	3.91	15.00	0	53	100	3916	8426	7320	4373	3271	4373	632	7	2.32346	1.60655	1.09391	0.44237	0.05007
1163.0	   6257	 33	 13.7	 79.9	2.24	2.22	2.01	3509	720	30.8	31	1012.1	0.499	3.91	15.04	0	53	100	3077	6764	6725	5134	3451	3709	558	229	2.32321	1.60637	1.09379	0.50139	0.05007
1167.0	   6205	 30	 13.9	 80.5	2.64	2.23	1.97	3496	1201	30.9	31	1012.4	0.499	3.91	15.16	0	53	100	3578	7690	7003	4470	2817	2867	587	390	2.14183	1.48096	1.00839	0.46225	0.09734
1171.0	   5909	 34	 13.5	 85.6	2.99	2.20	2.02	3500	99	30.9	31	1012.4	0.500	3.91	14.92	0	53	100	2717	5968	6351	5401	3981	2863	143	574	2.21927	1.56791	1.04485	0.47896	0.10085
1175.0	   6838	 31	 14.2	 85.0	2.83	2.17	2.00	3499	361	30.8	31	1012.3	0.500	3.91	15.12	0	53	100	3602	7852	7816	5839	3525	3025	236	503	2.29942	1.62454	1.05757	0.49626	0.10450
1179.0	   6369	 31	 13.4	 70.1	1.89	2.19	2.01	3497	720	30.9	31	1012.4	0.500	3.91	14.96	0	53	72	3593	7664	6871	4511	3946	2934	466	192	2.11294	1.49278	0.97180	0.37399	0.09602
1183.0	   7848	 25	 12.5	 63.2	1.24	2.19	1.99	3501	1202	30.8	31	1012.0	0.500	3.91	14.68	0	53	79	6025	13207	8852	2021	1244	5839	0	0	2.14108	1.51267	0.98474	0.37897	0.01599
1187.0	   6035	 32	 13.3	 60.9	1.22	2.19	2.01	3497	99	30.9	31	1012.4	0.500	3.91	14.72	0	53	100	3266	7095	6389	4201	3297	4100	249	0	2.07077	1.40596	0.95241	0.36652	0.01546
1191.0	   7666	 24	 13.1	 61.2	1.22	2.21	2.01	3495	360	30.9	31	1012.4	0.500	3.91	14.88	0	53	100	6480	13764	8497	614	1102	5865	0	0	2.05463	1.39500	0.96585	0.36367	0.01534
1195.0	   6154	 31	 12.8	 65.2	1.39	2.23	2.01	3497	719	30.9	31	1012.3	0.500	3.90	15.04	0	53	100	3546	7658	6545	3793	2843	4349	425	0	2.10963	1.43235	0.99170	0.39499	0.01575
1199.0	   5642	 32	 12.8	 74.2	2.53	2.20	2.01	3499	1201	30.8	31	1012.2	0.500	3.91	14.80	0	53	100	2956	6308	5999	4425	3992	2507	60	487	2.01451	1.36776	0.94699	0.37718	0.11045
1203.0	   5683	 33	 13.3	 76.2	2.53	2.18	2.01	3499	98	30.9	31	1012.3	0.500	3.91	14.88	0	53	55	2719	5871	5928	4859	4379	2656	37	479	2.06556	1.48039	0.97098	0.38673	0.11325
1207.0	   6803	 31	 13.9	 84.6	2.63	2.22	1.99	3499	359	30.9	31	1012.3	0.500	3.91	14.92	0	53	57	3814	8078	7175	4689	4506	3235	334	404	2.34476	1.68050	1.11762	0.43901	0.12856
1211.0	   5499	 33	 12.6	 74.8	2.49	2.19	2.01	3496	721	30.9	31	1012.4	0.499	3.90	14.84	0	53	86	2654	5726	5783	4707	4115	2435	187	449	2.00027	1.43360	0.95342	0.38668	0.10967
1215.0	   5987	 33	 14.0	 86.1	3.19	2.18	2.02	3497	1201	30.9	31	1012.3	0.500	3.91	14.84	0	53	81	2914	6221	6349	5261	4833	2031	75	682	2.16330	1.55045	1.03113	0.41820	0.16101
1219.0	   5772	 32	 12.6	 81.5	3.03	2.21	2.03	3505	99	30.9	32	1012.2	0.499	3.91	15.08	0	53	89	3055	6451	6107	4521	4412	2130	22	651	2.04752	1.46163	0.97594	0.39581	0.15240
1223.0	   6449	 30	 13.4	 81.7	3.39	2.03	1.99	3500	360	30.9	32	1012.4	0.500	3.91	14.80	0	53	50	3025	6719	8048	7503	4047	259	135	822	2.03310	1.45134	0.79365	0.39303	0.15132
1227.0	   5720	 33	 12.6	 76.0	3.00	2.03	1.99	3500	719	30.9	32	1012.1	0.500	3.91	15.00	0	53	100	2242	5042	6670	7063	4845	519	1	722	1.97100	1.40701	0.76941	0.35993	0.14670
1231.0	   7760	 28	 12.5	 64.5	1.44	2.06	1.99	3500	1202	30.9	32	1012.3	0.499	3.91	14.92	0	53	100	4405	10007	10136	7155	873	3462	728	3	2.18495	1.55974	0.85293	0.39900	0.02691
1235.0	   6772	 29	 13.3	 59.2	1.33	2.04	2.01	3500	99	30.9	31	1012.0	0.500	3.91	14.68	0	53	83	3336	7962	8868	7294	1052	2824	753	0	1.97474	1.45630	0.77087	0.36061	0.02432
1239.0	   7125	 29	 13.7	 63.1	1.23	2.16	2.01	3500	360	30.8	32	1012.2	0.500	3.91	15.04	0	53	91	4230	9520	8430	4918	1288	5296	78	0	2.13876	1.57726	0.94318	0.39057	0.02634
1243.0	   5991	 35	 13.2	 64.5	1.39	2.10	2.00	3500	719	30.9	32	1012.2	0.500	3.90	15.08	0	53	100	2381	5447	6245	5995	4595	3474	169	80	2.14484	1.58174	0.94586	0.36415	0.02641
1247.0	   6886	 32	 13.6	 84.5	2.91	2.10	2.03	3503	1200	30.9	32	1012.3	0.500	3.91	14.76	0	53	81	3210	6981	7582	6745	5524	1935	57	597	2.31530	1.70746	1.02104	0.39309	0.13527
1251.0	   7208	 35	 15.7	 95.0	3.23	2.06	1.99	3503	99	30.9	32	1012.3	0.500	3.91	15.28	0	53	24	2622	5920	7705	8381	6879	1884	113	655	2.60610	1.94557	1.14928	0.44247	0.15226
1255.0	   6137	 39	 16.5	 89.6	2.59	2.16	2.00	3504	359	30.9	32	1012.2	0.500	3.91	14.52	0	53	50	2226	4889	5474	5599	6526	3937	30	398	2.52694	1.88647	1.26987	0.42902	0.14763
1259.0	   6173	 38	 15.1	 96.8	3.05	2.17	2.02	3504	719	30.9	32	1012.2	0.500	3.91	15.20	0	53	39	2180	5049	5854	6196	6335	2298	931	408	2.53323	1.89117	1.27303	0.50743	0.14800
1263.0	   6849	 35	 16.5	 89.9	2.20	2.25	1.98	3500	1200	30.9	32	1012.2	0.499	3.91	14.96	0	53	64	3225	7177	6623	5092	5303	3796	1198	41	2.60452	1.94439	1.30886	0.52171	0.11095
1267.0	   7229	 33	 16.7	 87.9	2.06	2.27	1.98	3499	100	30.9	32	1012.4	0.499	3.91	15.08	0	53	100	3920	8353	7188	4475	4544	4962	764	51	2.63973	1.90354	1.32655	0.52876	0.11245
1271.0	   6880	 33	 16.0	 89.2	3.07	2.12	2.00	3500	361	30.9	32	1012.1	0.500	3.90	15.04	0	53	100	3049	6782	7729	7045	4669	2674	33	618	2.40818	1.73657	1.06362	0.48238	0.10258
1275.0	   7534	 31	 15.8	 87.1	2.71	2.13	1.99	3496	719	30.9	32	1012.2	0.500	3.90	15.24	0	53	48	3770	8250	8541	6891	4609	2875	324	438	2.49532	1.79940	1.10210	0.46457	0.10630
1279.0	   7439	 30	 14.6	 76.9	1.83	2.18	1.99	3496	1201	30.9	32	1012.4	0.500	3.91	15.36	0	53	85	4265	9194	8463	5546	3510	3126	1137	8	2.38856	1.72242	1.05495	0.44469	0.10980
1283.0	   6496	 37	 15.0	 86.8	2.71	2.04	1.98	3497	100	31.0	32	1012.3	0.500	3.91	15.32	0	53	65	2020	4725	6846	7981	5957	2729	24	498	2.43127	1.90355	1.07382	0.45264	0.11177
1287.0	   5777	 41	 15.6	 89.2	2.63	2.12	2.01	3500	362	30.9	32	1012.5	0.500	3.91	15.04	0	53	59	1746	3985	5174	5964	6156	3922	5	421	2.43547	1.90684	1.23654	0.45342	0.11196
1291.0	   5689	 39	 14.1	 81.5	2.15	2.16	2.02	3500	720	30.9	32	1012.3	0.500	3.90	15.36	0	53	87	2001	4456	5134	5284	5603	4008	234	237	2.32307	1.81883	1.17947	0.43601	0.10679
1295.0	   5404	 42	 14.1	 77.0	1.75	2.12	1.98	3501	1201	30.9	32	1012.5	0.500	3.91	15.00	0	53	83	1602	3701	4644	5260	5542	4559	191	108	2.31176	1.80998	1.17373	0.43389	0.06842
1299.0	   5285	 42	 13.5	 76.3	1.77	2.13	1.98	3503	99	31.0	32	1012.2	0.500	3.91	15.12	0	53	100	1622	3711	4533	5020	5357	4449	243	109	2.27968	1.76111	1.15744	0.42787	0.06748
1303.0	   5526	 40	 14.1	 76.1	2.14	2.04	2.00	3500	360	31.0	32	1012.3	0.500	3.91	15.04	0	53	49	1497	3637	5336	6578	5717	3071	15	331	2.22259	1.71700	1.00862	0.41715	0.06579
1307.0	   5874	 38	 14.6	 67.2	1.40	2.04	1.98	3497	719	30.9	32	1012.3	0.500	3.90	15.16	0	53	45	1811	4448	5645	6586	6439	2190	713	0	2.19715	1.69735	0.99707	0.33999	0.06503
1311.0	   5551	 41	 14.5	 71.4	1.76	2.00	1.99	3500	1201	30.9	32	1012.3	0.499	3.90	15.36	0	53	45	1425	3441	5112	6557	6495	3047	0	221	2.22963	1.72244	1.01181	0.34502	0.09102
1315.0	   6416	 33	 14.2	 68.0	1.61	2.14	2.02	3504	99	30.9	32	1012.3	0.500	3.91	15.40	0	53	100	3143	6762	6600	5251	5132	3122	258	134	2.18164	1.60686	0.99003	0.33759	0.08906
1319.0	   5799	 36	 14.4	 69.0	1.79	2.08	2.01	3500	361	30.9	31	1011.9	0.500	3.91	15.56	0	53	66	2132	4778	5756	6013	5628	2916	5	247	2.16215	1.59251	0.96726	0.33457	0.08827
1323.0	   6203	 31	 13.2	 72.8	1.98	2.18	2.02	3499	720	30.9	32	1012.3	0.500	3.90	15.40	0	53	55	3160	7001	7208	5560	2716	2609	1022	117	2.09997	1.54671	0.93944	0.43352	0.08573
1327.0	   5861	 34	 13.6	 78.3	2.52	2.13	2.01	3501	1201	30.9	32	1012.4	0.500	3.91	15.40	0	53	100	2404	5427	6402	6099	4036	2838	112	450	2.15184	1.58491	0.96264	0.44423	0.07938
1331.0	   6533	 32	 13.8	 81.5	2.65	2.14	2.02	3501	99	31.0	32	1012.2	0.500	3.90	15.44	0	53	80	3108	6921	7498	6307	3569	2844	251	458	2.23543	1.63115	1.00004	0.46149	0.08247
1335.0	   6603	 33	 14.1	 82.5	2.65	2.11	1.99	3496	361	31.0	32	1012.3	0.499	3.91	15.56	0	53	61	2880	6489	7679	7132	3978	2117	603	407	2.28443	1.66690	0.98716	0.47160	0.08427
1339.0	   6528	 33	 14.3	 84.3	2.81	2.12	1.99	3499	720	31.0	32	1012.2	0.500	3.90	15.08	0	53	100	2798	6306	7422	6929	4122	2659	175	520	2.29301	1.67316	0.99086	0.46783	0.08459
1343.0	   7149	 31	 14.3	 89.7	3.18	2.11	2.00	3496	1201	30.9	32	1012.2	0.500	3.91	15.48	0	53	99	3395	7511	8485	7436	4142	1883	415	608	2.36957	1.72903	1.02395	0.48345	0.12529
1347.0	   6143	 37	 14.3	 88.7	3.14	2.05	1.97	3503	100	30.9	32	1012.2	0.500	3.91	15.20	0	53	74	1928	4523	6695	7810	5432	2030	21	665	2.31425	1.78778	1.00004	0.47216	0.12237
1351.0	   5905	 35	 13.6	 86.9	2.92	2.19	2.04	3503	361	31.0	32	1012.3	0.500	3.91	15.08	0	53	100	2480	5465	6045	5557	4683	3123	78	546	2.22818	1.72128	1.10178	0.45460	0.11781
1355.0	   6465	 35	 12.9	 82.1	2.19	2.19	2.00	3496	720	31.0	32	1012.3	0.500	3.91	15.44	0	53	82	2957	6522	5822	4780	6918	2902	505	229	2.37961	1.83826	1.17666	0.40048	0.12582
1359.0	   5766	 39	 14.6	 75.5	1.83	2.14	1.99	3501	1201	31.0	32	1012.2	0.500	3.90	15.24	0	53	92	2086	4620	5191	5266	5856	4103	4	193	2.28574	1.76575	1.13025	0.38468	0.09351
1363.0	   6091	 32	 14.2	 69.8	1.72	2.24	2.00	3500	100	31.0	32	1012.3	0.500	3.91	14.96	0	53	83	3409	7179	5889	3506	4627	3974	108	167	2.14402	1.54068	1.06017	0.36083	0.08771
1367.0	   5379	 37	 13.2	 68.8	1.88	2.10	2.01	3500	360	31.0	32	1012.3	0.500	3.91	15.40	0	53	100	1936	4352	5271	5530	5159	2959	0	280	2.09575	1.50599	0.94954	0.35271	0.08574
1371.0	   6363	 31	 13.5	 88.7	3.09	2.20	2.03	3500	721	31.0	32	1012.3	0.500	3.90	15.12	0	53	100	3173	7079	7667	6156	2342	2380	875	477	2.22228	1.59691	1.00686	0.54791	0.09091
1375.0	   7012	 29	 13.7	 83.6	2.32	2.21	2.00	3497	1201	30.9	32	1012.2	0.500	3.91	15.12	0	53	100	3973	8821	8738	5901	983	3090	1661	58	2.31602	1.66428	1.04934	0.57103	0.09188
1379.0	   6095	 31	 13.7	 89.2	3.40	2.20	2.03	3501	99	31.0	32	1012.3	0.500	3.91	15.40	0	53	100	3127	6853	7097	5518	2939	2359	293	694	2.21225	1.46140	1.00232	0.54544	0.08776
1383.0	   7541	 29	 14.1	 98.2	4.13	2.07	2.03	3503	360	31.0	32	1012.3	0.500	3.91	15.24	0	53	100	3881	8696	9864	8247	2599	1290	181	976	2.41131	1.59290	0.91471	0.59452	0.09566
1387.0	   7025	 32	 14.8	 81.9	2.81	2.04	1.98	3499	720	31.0	32	1012.3	0.500	3.91	15.36	0	53	100	2948	6634	8078	7987	5475	1559	2	601	2.41512	1.59541	0.91615	0.42552	0.09581
1391.0	   9857	 28	 16.6	 86.0	2.30	2.04	1.96	3496	1202	31.0	32	1012.5	0.500	3.91	14.96	0	53	100	5592	12300	12300	8963	3886	2621	825	221	2.85079	1.88321	1.08142	0.50229	0.06336
1395.0	   7263	 37	 17.1	 85.9	2.63	1.93	2.01	3500	100	31.0	32	1012.2	0.500	3.91	15.36	0	53	71	1874	4839	7938	10282	7572	1213	210	486	2.59464	1.98732	0.98425	0.45715	0.05767
1399.0	   7633	 31	 15.1	 75.4	1.53	2.15	1.95	3497	361	31.0	31	1012.4	0.500	3.91	15.36	0	53	46	3820	8979	8365	6124	3686	4778	419	0	2.47134	1.89288	1.11645	0.43543	0.05493
1403.0	   6286	 35	 14.1	 75.9	1.80	2.13	2.00	3497	720	31.0	31	1012.2	0.500	3.90	15.44	0	53	68	2430	5638	6951	6777	3662	3419	862	46	2.29847	1.76047	1.03836	0.47696	0.05109
1407.0	   5756	 37	 14.0	 88.7	3.29	2.09	2.05	3500	1201	31.0	31	1012.4	0.500	3.90	15.44	0	53	71	1951	4455	6154	6881	5147	1966	1	721	2.21155	1.69390	0.99909	0.45892	0.14429
1411.0	   6771	 30	 13.2	 80.8	2.52	2.19	2.00	3501	100	31.1	31	1012.2	0.500	3.90	15.24	0	53	85	3869	8333	7836	5271	3132	2473	861	306	2.19481	1.62316	0.99152	0.45545	0.14319
1415.0	   6591	 34	 14.3	 99.7	3.70	2.21	1.96	3496	360	31.1	31	1012.4	0.500	3.90	15.16	0	53	80	3108	6697	6966	5875	5016	2676	117	774	2.43892	1.80370	1.19478	0.50611	0.15912
1419.0	   5651	 40	 13.6	 78.8	2.16	2.11	2.01	3497	719	31.0	31	1012.4	0.500	3.90	15.44	0	53	100	1885	4160	5028	5554	6412	3420	1	315	2.31852	1.71466	1.13580	0.35048	0.15126
1423.0	   5713	 35	 13.3	 64.9	1.38	2.17	2.02	3500	1200	31.0	31	1012.2	0.500	3.90	15.20	0	53	79	2577	5553	5309	4363	5251	3912	17	86	2.11086	1.56108	1.03408	0.31909	0.06792
1427.0	   5371	 39	 13.8	 64.5	1.26	2.11	2.01	3499	100	31.0	31	1012.5	0.499	3.90	15.56	0	53	83	1875	4184	4721	4920	5715	3961	35	39	2.12397	1.61972	1.04050	0.32107	0.06834
1431.0	   6928	 31	 13.6	 65.6	1.36	2.18	1.97	3496	360	30.9	31	1012.1	0.500	3.90	15.28	0	53	83	4024	8812	6704	3714	5634	3852	3	81	2.18750	1.66817	1.00734	0.33068	0.07038
1435.0	   4556	 38	 12.6	 62.1	1.80	2.10	2.01	3495	720	31.0	31	1012.3	0.499	3.90	15.40	0	53	68	1510	3524	4552	4986	4098	2588	52	279	1.78191	1.35887	0.82057	0.33921	0.05733
1439.0	   5630	 33	 12.3	 77.9	2.89	2.12	2.00	3496	1202	31.0	31	1012.1	0.500	3.90	15.40	0	53	67	2455	5396	6189	5826	4526	1645	5	636	1.96580	1.49910	0.90525	0.37422	0.12570
